
time,gFx,gFy,gFz,ax,ay,az,wx,wy,wz,
0.063314,0.0000,0.0000,0.0000,0.0699,-0.0159,-0.0370,0.0000,0.0000,0.0000,
0.063959,0.1270,0.9403,0.3460,0.0699,-0.0159,-0.0370,0.0000,0.0000,0.0000,
0.064366,0.1270,0.9403,0.3460,0.0699,-0.0159,-0.0370,0.0000,0.0000,0.0000,
0.064609,0.1270,0.9403,0.3460,0.0699,-0.0159,-0.0370,0.0000,0.0000,0.0000,
0.064871,0.1270,0.9403,0.3460,0.0699,-0.0159,-0.0370,-0.3158,0.5003,-0.0236,
0.122119,0.1321,0.9635,0.3020,0.0699,-0.0159,-0.0370,-0.3158,0.5003,-0.0236,
0.123343,0.1887,0.9627,0.2932,0.0699,-0.0159,-0.0370,-0.3158,0.5003,-0.0236,
0.124019,0.1663,0.9562,0.2774,0.0699,-0.0159,-0.0370,-0.3158,0.5003,-0.0236,
0.124697,0.1663,0.9562,0.2774,0.2427,0.1205,-0.3645,-0.3158,0.5003,-0.0236,
0.125298,0.1663,0.9562,0.2774,0.2427,0.1205,-0.3645,0.0440,-0.0908,0.0644,
0.185549,0.1428,0.9530,0.2674,0.2427,0.1205,-0.3645,0.0440,-0.0908,0.0644,
0.186383,0.1311,0.9642,0.2469,0.2427,0.1205,-0.3645,0.0440,-0.0908,0.0644,
0.186874,0.1309,0.9454,0.2417,0.2427,0.1205,-0.3645,0.0440,-0.0908,0.0644,
0.187266,0.1309,0.9454,0.2417,0.2427,0.1205,-0.3645,-0.0487,0.0271,0.0497,
0.188457,0.1309,0.9454,0.2417,-0.0359,0.0518,-0.5808,-0.0487,0.0271,0.0497,
0.239619,0.1309,0.9454,0.2417,0.2872,-0.0459,0.0689,-0.0487,0.0271,0.0497,
0.240692,0.1387,0.9283,0.2845,0.2872,-0.0459,0.0689,-0.0487,0.0271,0.0497,
0.241415,0.1741,0.9342,0.3330,0.2872,-0.0459,0.0689,-0.0487,0.0271,0.0497,
0.242092,0.2222,0.9537,0.3772,0.2872,-0.0459,0.0689,-0.0487,0.0271,0.0497,
0.242731,0.2222,0.9537,0.3772,0.2872,-0.0459,0.0689,-0.2340,-0.1682,-0.0006,
0.296226,0.2483,0.9750,0.3899,0.2872,-0.0459,0.0689,-0.2340,-0.1682,-0.0006,
0.297415,0.2627,0.9654,0.3836,0.2872,-0.0459,0.0689,-0.2340,-0.1682,-0.0006,
0.298149,0.2671,0.9220,0.3831,0.2872,-0.0459,0.0689,-0.2340,-0.1682,-0.0006,
0.298859,0.2671,0.9220,0.3831,0.2872,-0.0459,0.0689,-0.0912,-0.3549,-0.1262,
0.299557,0.2671,0.9220,0.3831,0.9028,0.0925,0.4824,-0.0912,-0.3549,-0.1262,
0.355667,0.2671,0.9220,0.3831,0.6109,-0.5666,0.5631,-0.0912,-0.3549,-0.1262,
0.356648,0.2586,0.8929,0.3960,0.6109,-0.5666,0.5631,-0.0912,-0.3549,-0.1262,
0.357295,0.2271,0.8705,0.4141,0.6109,-0.5666,0.5631,-0.0912,-0.3549,-0.1262,
0.357998,0.1655,0.8775,0.4058,0.6109,-0.5666,0.5631,-0.0912,-0.3549,-0.1262,
0.358721,0.1655,0.8775,0.4058,0.6109,-0.5666,0.5631,-0.0088,0.1674,-0.3555,
0.412484,0.1123,0.9271,0.3763,0.6109,-0.5666,0.5631,-0.0088,0.1674,-0.3555,
0.413254,0.0547,0.9493,0.3565,0.6109,-0.5666,0.5631,-0.0088,0.1674,-0.3555,
0.413680,0.0171,0.9115,0.4009,0.6109,-0.5666,0.5631,-0.0088,0.1674,-0.3555,
0.414130,0.0171,0.9115,0.4009,0.6109,-0.5666,0.5631,0.0267,0.3148,-0.3431,
0.414495,0.0171,0.9115,0.4009,-0.5843,-0.1047,0.2478,0.0267,0.3148,-0.3431,
0.473022,-0.0039,0.9374,0.4197,-0.5843,-0.1047,0.2478,0.0267,0.3148,-0.3431,
0.474163,-0.0042,0.9732,0.4229,-0.5843,-0.1047,0.2478,0.0267,0.3148,-0.3431,
0.474763,-0.0063,0.9874,0.4031,-0.5843,-0.1047,0.2478,0.0267,0.3148,-0.3431,
0.475448,-0.0063,0.9874,0.4031,-0.5843,-0.1047,0.2478,0.2193,-0.0643,-0.1154,
0.476186,-0.0063,0.9874,0.4031,-1.0517,0.1812,0.6545,0.2193,-0.0643,-0.1154,
0.529431,0.0208,0.9566,0.4065,-1.0517,0.1812,0.6545,0.2193,-0.0643,-0.1154,
0.530571,0.0393,0.8912,0.4034,-1.0517,0.1812,0.6545,0.2193,-0.0643,-0.1154,
0.531180,0.0559,0.9117,0.3562,-1.0517,0.1812,0.6545,0.2193,-0.0643,-0.1154,
0.531796,0.0559,0.9117,0.3562,-0.6649,-0.3364,0.6538,0.2193,-0.0643,-0.1154,
0.532432,0.0559,0.9117,0.3562,-0.6649,-0.3364,0.6538,0.6106,0.0086,0.2100,
0.588043,0.0564,0.9598,0.2815,-0.6649,-0.3364,0.6538,0.6106,0.0086,0.2100,
0.588974,0.0693,0.9803,0.2324,-0.6649,-0.3364,0.6538,0.6106,0.0086,0.2100,
0.590072,0.0852,1.0072,0.2241,-0.6649,-0.3364,0.6538,0.6106,0.0086,0.2100,
0.591049,0.0852,1.0072,0.2241,-0.6649,-0.3364,0.6538,0.8407,-0.0501,0.4488,
0.592502,0.0852,1.0072,0.2241,-0.5540,0.1493,-0.2541,0.8407,-0.0501,0.4488,
0.645693,0.1008,0.9679,0.2144,-0.5540,0.1493,-0.2541,0.8407,-0.0501,0.4488,
0.646363,0.1297,0.9757,0.2107,-0.5540,0.1493,-0.2541,0.8407,-0.0501,0.4488,
0.646956,0.1629,0.9974,0.1795,-0.5540,0.1493,-0.2541,0.8407,-0.0501,0.4488,
0.647396,0.1629,0.9974,0.1795,-0.5540,0.1493,-0.2541,1.0089,-0.9075,0.5402,
0.648481,0.1629,0.9974,0.1795,-0.3492,0.0327,-0.0470,1.0089,-0.9075,0.5402,
0.704552,0.2283,0.9837,0.1565,-0.3492,0.0327,-0.0470,1.0089,-0.9075,0.5402,
0.705828,0.2954,0.9969,0.2046,-0.3492,0.0327,-0.0470,1.0089,-0.9075,0.5402,
0.706534,0.2876,1.0265,0.2063,-0.3492,0.0327,-0.0470,1.0089,-0.9075,0.5402,
0.707634,0.2876,1.0265,0.2063,-0.3492,0.0327,-0.0470,1.0619,-1.1796,0.1768,
0.709552,0.2876,1.0265,0.2063,0.7415,0.1508,0.5069,1.0619,-1.1796,0.1768,
0.762671,0.1367,1.0309,0.2447,0.7415,0.1508,0.5069,1.0619,-1.1796,0.1768,
0.763911,0.0049,1.0116,0.2251,0.7415,0.1508,0.5069,1.0619,-1.1796,0.1768,
0.764449,0.0002,1.0116,0.1546,0.7415,0.1508,0.5069,1.0619,-1.1796,0.1768,
0.764952,0.0002,1.0116,0.1546,0.7415,0.1508,0.5069,1.2893,-1.8733,-0.2366,
0.765720,0.0002,1.0116,0.1546,-1.3054,0.1963,1.5161,1.2893,-1.8733,-0.2366,
0.820921,0.0315,1.0831,0.1101,-1.3054,0.1963,1.5161,1.2893,-1.8733,-0.2366,
0.822421,0.0452,1.1739,0.1846,-1.3054,0.1963,1.5161,1.2893,-1.8733,-0.2366,
0.823195,-0.0454,1.1422,0.0862,-1.3054,0.1963,1.5161,1.2893,-1.8733,-0.2366,
0.823834,-0.0454,1.1422,0.0862,-1.3054,0.1963,1.5161,1.2612,-3.3722,-0.2240,
0.824570,-0.0454,1.1422,0.0862,-1.4296,1.2145,1.6599,1.2612,-3.3722,-0.2240,
0.879736,-0.1668,1.2665,-0.1599,-1.4296,1.2145,1.6599,1.2612,-3.3722,-0.2240,
0.880987,-0.0083,1.4440,-0.1922,-1.4296,1.2145,1.6599,1.2612,-3.3722,-0.2240,
0.881781,0.6219,1.2396,-0.1504,-1.4296,1.2145,1.6599,1.2612,-3.3722,-0.2240,
0.882537,0.6219,1.2396,-0.1504,-1.4296,1.2145,1.6599,1.0531,-7.1205,-0.4551,
0.883318,0.6219,1.2396,-0.1504,0.5806,2.8511,-0.1039,1.0531,-7.1205,-0.4551,
0.937450,1.3121,0.8668,0.0364,0.5806,2.8511,-0.1039,1.0531,-7.1205,-0.4551,
0.938759,1.4779,0.5472,0.2444,0.5806,2.8511,-0.1039,1.0531,-7.1205,-0.4551,
0.939823,0.8304,0.6365,0.2444,0.5806,2.8511,-0.1039,1.0531,-7.1205,-0.4551,
0.940547,0.8304,0.6365,0.2444,0.5806,2.8511,-0.1039,-0.2393,-5.1142,0.0623,
0.942194,0.8304,0.6365,0.2444,10.7300,-3.1777,3.1058,-0.2393,-5.1142,0.0623,
0.997094,0.4952,0.7550,0.0745,10.7300,-3.1777,3.1058,-0.2393,-5.1142,0.0623,
0.999753,0.4100,0.8014,-0.0007,10.7300,-3.1777,3.1058,-0.2393,-5.1142,0.0623,
1.002036,0.3020,0.8641,-0.1555,10.7300,-3.1777,3.1058,-0.2393,-5.1142,0.0623,
1.003819,0.3020,0.8641,-0.1555,10.7300,-3.1777,3.1058,-0.4891,0.5828,0.9381,
1.005490,0.3020,0.8641,-0.1555,2.1463,-1.8238,0.7374,-0.4891,0.5828,0.9381,
1.054599,0.1323,0.9940,-0.3304,2.1463,-1.8238,0.7374,-0.4891,0.5828,0.9381,
1.056939,-0.0921,1.0812,-0.4131,2.1463,-1.8238,0.7374,-0.4891,0.5828,0.9381,
1.058144,-0.2176,0.9994,-0.4878,2.1463,-1.8238,0.7374,-0.4891,0.5828,0.9381,
1.061140,-0.2176,0.9994,-0.4878,2.1463,-1.8238,0.7374,-1.4136,0.5083,1.6528,
1.063529,-0.2176,0.9994,-0.4878,-3.1506,0.4598,-3.6755,-1.4136,0.5083,1.6528,
1.113356,-0.2881,0.7620,-0.5337,-3.1506,0.4598,-3.6755,-1.4136,0.5083,1.6528,
1.115883,-0.3360,0.5208,-0.3662,-3.1506,0.4598,-3.6755,-1.4136,0.5083,1.6528,
1.117143,-0.6956,0.5997,-0.4725,-3.1506,0.4598,-3.6755,-1.4136,0.5083,1.6528,
1.118018,-0.6956,0.5997,-0.4725,-7.3433,-3.0120,-4.0995,-1.4136,0.5083,1.6528,
1.119027,-0.6956,0.5997,-0.4725,-7.3433,-3.0120,-4.0995,-0.9232,-1.8367,1.5691,
1.172971,-0.9793,0.7037,-0.5750,-7.3433,-3.0120,-4.0995,-0.9232,-1.8367,1.5691,
1.176567,-1.0912,0.8753,-0.7257,-7.3433,-3.0120,-4.0995,-0.9232,-1.8367,1.5691,
1.181013,-0.2422,2.3315,0.0474,-7.3433,-3.0120,-4.0995,-0.9232,-1.8367,1.5691,
1.184257,-0.2422,2.3315,0.0474,-7.3433,-3.0120,-4.0995,-0.2242,-1.6620,-0.6220,
1.186822,-0.2422,2.3315,0.0474,-9.7239,3.3381,-3.3756,-0.2242,-1.6620,-0.6220,
1.230247,2.0156,2.5095,0.8988,-9.7239,3.3381,-3.3756,-0.2242,-1.6620,-0.6220,
1.232390,0.8504,0.4957,-1.3153,-9.7239,3.3381,-3.3756,-0.2242,-1.6620,-0.6220,
1.233635,-0.7401,0.1611,-0.6358,-9.7239,3.3381,-3.3756,-0.2242,-1.6620,-0.6220,
1.234791,-0.7401,0.1611,-0.6358,-9.7239,3.3381,-3.3756,0.3913,-0.3343,-2.1741,
1.235713,-0.7401,0.1611,-0.6358,5.7284,0.6965,-2.3494,0.3913,-0.3343,-2.1741,
1.287698,-1.0126,0.9100,0.1773,5.7284,0.6965,-2.3494,0.3913,-0.3343,-2.1741,
1.289310,-0.5162,1.3585,0.1243,5.7284,0.6965,-2.3494,0.3913,-0.3343,-2.1741,
1.292231,-0.0139,1.1053,0.0452,5.7284,0.6965,-2.3494,0.3913,-0.3343,-2.1741,
1.293982,-0.0139,1.1053,0.0452,5.7284,0.6965,-2.3494,-0.0589,0.3103,-1.5634,
1.297434,-0.0139,1.1053,0.0452,-5.1574,1.2431,2.0819,-0.0589,0.3103,-1.5634,
1.347450,0.2632,0.9200,-0.0264,-5.1574,1.2431,2.0819,-0.0589,0.3103,-1.5634,
1.350809,0.1089,0.9603,-0.0332,-5.1574,1.2431,2.0819,-0.0589,0.3103,-1.5634,
1.352629,-0.2925,0.9737,-0.0835,-5.1574,1.2431,2.0819,-0.0589,0.3103,-1.5634,
1.353825,-0.2925,0.9737,-0.0835,-5.1574,1.2431,2.0819,0.3702,-0.3030,-1.2679,
1.355358,-0.2925,0.9737,-0.0835,0.8461,-0.3966,0.6572,0.3702,-0.3030,-1.2679,
1.404402,-0.4607,0.9640,-0.1780,0.8461,-0.3966,0.6572,0.3702,-0.3030,-1.2679,
1.405510,-0.3203,0.9457,-0.1568,0.8461,-0.3966,0.6572,0.3702,-0.3030,-1.2679,
1.406247,-0.1858,0.9762,-0.2173,0.8461,-0.3966,0.6572,0.3702,-0.3030,-1.2679,
1.406921,-0.1858,0.9762,-0.2173,0.8461,-0.3966,0.6572,0.4060,-0.4025,-0.9650,
1.407567,-0.1858,0.9762,-0.2173,-1.9186,-0.2061,-0.4519,0.4060,-0.4025,-0.9650,
1.463644,-0.1785,1.0287,-0.1926,-1.9186,-0.2061,-0.4519,0.4060,-0.4025,-0.9650,
1.465430,-0.1572,1.0318,-0.2122,-1.9186,-0.2061,-0.4519,0.4060,-0.4025,-0.9650,
1.466637,-0.1934,0.9991,-0.2239,-1.9186,-0.2061,-0.4519,0.4060,-0.4025,-0.9650,
1.467526,-0.1934,0.9991,-0.2239,-1.9186,-0.2061,-0.4519,0.3525,-0.4288,-0.7067,
1.468696,-0.1934,0.9991,-0.2239,-0.0551,0.4338,-0.5211,0.3525,-0.4288,-0.7067,
1.521428,-0.2727,1.0038,-0.2071,-0.0551,0.4338,-0.5211,0.3525,-0.4288,-0.7067,
1.523286,-0.2820,0.9986,-0.2061,-0.0551,0.4338,-0.5211,0.3525,-0.4288,-0.7067,
1.524281,-0.2691,0.9969,-0.1782,-0.0551,0.4338,-0.5211,0.3525,-0.4288,-0.7067,
1.525527,-0.2691,0.9969,-0.1782,-0.0551,0.4338,-0.5211,0.3604,0.0770,-0.7102,
1.526778,-0.2691,0.9969,-0.1782,-0.6081,0.3358,-0.1827,0.3604,0.0770,-0.7102,
1.580738,-0.2237,0.9889,-0.1848,-0.6081,0.3358,-0.1827,0.3604,0.0770,-0.7102,
1.583091,-0.1231,0.9928,-0.2053,-0.6081,0.3358,-0.1827,0.3604,0.0770,-0.7102,
1.584783,-0.0464,0.9940,-0.2278,-0.6081,0.3358,-0.1827,0.3604,0.0770,-0.7102,
1.586227,-0.0464,0.9940,-0.2278,-0.6081,0.3358,-0.1827,0.4427,0.1963,-0.6937,
1.587841,-0.0464,0.9940,-0.2278,1.1160,0.3844,-0.0010,0.4427,0.1963,-0.6937,
1.638076,-0.0696,0.9786,-0.1756,1.1160,0.3844,-0.0010,0.4427,0.1963,-0.6937,
1.639687,-0.1423,1.0118,-0.1072,1.1160,0.3844,-0.0010,0.4427,0.1963,-0.6937,
1.641425,-0.2439,1.0895,-0.1558,1.1160,0.3844,-0.0010,0.4427,0.1963,-0.6937,
1.643030,-0.2439,1.0895,-0.1558,1.1160,0.3844,-0.0010,0.7129,0.2794,-1.1539,
1.644564,-0.2439,1.0895,-0.1558,1.4425,0.9646,0.9768,0.7129,0.2794,-1.1539,
1.697461,-0.3367,1.1515,-0.2637,1.4425,0.9646,0.9768,0.7129,0.2794,-1.1539,
1.699744,-0.2945,1.1888,-0.2659,1.4425,0.9646,0.9768,0.7129,0.2794,-1.1539,
1.701546,-0.1450,1.2435,-0.2324,1.4425,0.9646,0.9768,0.7129,0.2794,-1.1539,
1.703073,-0.1450,1.2435,-0.2324,1.4425,0.9646,0.9768,1.0446,0.0731,-1.2812,
1.704795,-0.1450,1.2435,-0.2324,1.0154,2.9177,0.4593,1.0446,0.0731,-1.2812,
1.754703,0.0371,1.3200,-0.2027,1.0154,2.9177,0.4593,1.0446,0.0731,-1.2812,
1.756346,0.1597,1.4887,-0.0391,1.0154,2.9177,0.4593,1.0446,0.0731,-1.2812,
1.757678,0.4283,1.8439,0.1177,1.0154,2.9177,0.4593,1.0446,0.0731,-1.2812,
1.759098,0.4283,1.8439,0.1177,1.0154,2.9177,0.4593,1.4461,0.1311,-1.2859,
1.760467,0.4283,1.8439,0.1177,6.0063,6.7541,3.1848,1.4461,0.1311,-1.2859,
1.814237,0.8565,1.8627,0.2976,6.0063,6.7541,3.1848,1.4461,0.1311,-1.2859,
1.815835,0.5716,1.2528,0.2678,6.0063,6.7541,3.1848,1.4461,0.1311,-1.2859,
1.817788,-0.2141,1.1801,-0.0107,6.0063,6.7541,3.1848,1.4461,0.1311,-1.2859,
1.819095,-0.2141,1.1801,-0.0107,6.0063,6.7541,3.1848,1.5540,0.2747,-2.1775,
1.820208,-0.2141,1.1801,-0.0107,8.6029,6.3120,6.0064,1.5540,0.2747,-2.1775,
1.871723,-0.7042,1.5761,-0.0935,8.6029,6.3120,6.0064,1.5540,0.2747,-2.1775,
1.873629,-0.8214,1.5021,-0.1814,8.6029,6.3120,6.0064,1.5540,0.2747,-2.1775,
1.875212,-0.6563,1.0358,-0.4781,8.6029,6.3120,6.0064,1.5540,0.2747,-2.1775,
1.876857,-0.6563,1.0358,-0.4781,8.6029,6.3120,6.0064,1.8798,0.3529,-3.0079,
1.880001,-0.6563,1.0358,-0.4781,-1.3122,6.9282,2.5345,1.8798,0.3529,-3.0079,
1.931333,-0.4918,0.8690,-0.3387,-1.3122,6.9282,2.5345,1.8798,0.3529,-3.0079,
1.933478,-0.3714,0.7830,-0.3013,-1.3122,6.9282,2.5345,1.8798,0.3529,-3.0079,
1.934413,-0.3201,0.5630,-0.0352,-1.3122,6.9282,2.5345,1.8798,0.3529,-3.0079,
1.935469,-0.3201,0.5630,-0.0352,-1.3122,6.9282,2.5345,0.3590,-0.9554,-0.6098,
1.936457,-0.3201,0.5630,-0.0352,2.3798,1.0118,2.5026,0.3590,-0.9554,-0.6098,
1.988032,-0.4925,0.4095,0.0642,2.3798,1.0118,2.5026,0.3590,-0.9554,-0.6098,
1.990724,-0.5672,0.3767,0.0322,2.3798,1.0118,2.5026,0.3590,-0.9554,-0.6098,
1.992983,-0.5525,0.3875,-0.0588,2.3798,1.0118,2.5026,0.3590,-0.9554,-0.6098,
1.994779,-0.5525,0.3875,-0.0588,2.3798,1.0118,2.5026,-0.7341,-1.3186,2.1930,
1.998660,-0.5525,0.3875,-0.0588,0.4430,-3.2486,3.9597,-0.7341,-1.3186,2.1930,
2.049249,-0.4292,0.3633,-0.1629,0.4430,-3.2486,3.9597,-0.7341,-1.3186,2.1930,
2.051212,-0.3255,0.3660,-0.1716,0.4430,-3.2486,3.9597,-0.7341,-1.3186,2.1930,
2.052301,-0.3123,0.4583,-0.0510,0.4430,-3.2486,3.9597,-0.7341,-1.3186,2.1930,
2.053323,-0.3123,0.4583,-0.0510,0.4430,-3.2486,3.9597,-1.1918,-1.5671,4.7838,
2.054312,-0.3123,0.4583,-0.0510,0.3096,-4.6444,1.5385,-1.1918,-1.5671,4.7838,
2.104092,-0.3316,0.6168,-0.0376,0.3096,-4.6444,1.5385,-1.1918,-1.5671,4.7838,
2.105410,-0.3028,0.8175,-0.0635,0.3096,-4.6444,1.5385,-1.1918,-1.5671,4.7838,
2.106193,-0.2715,1.1197,-0.2041,0.3096,-4.6444,1.5385,-1.1918,-1.5671,4.7838,
2.106828,-0.2715,1.1197,-0.2041,0.3096,-4.6444,1.5385,-1.7882,-0.4078,6.2333,
2.107809,-0.2715,1.1197,-0.2041,-2.3655,-1.1883,0.7520,-1.7882,-0.4078,6.2333,
2.165512,-0.4317,1.5238,-0.3479,-2.3655,-1.1883,0.7520,-1.7882,-0.4078,6.2333,
2.167342,-0.6917,1.6796,-0.4896,-2.3655,-1.1883,0.7520,-1.7882,-0.4078,6.2333,
2.168541,-0.9122,1.6615,-0.4214,-2.3655,-1.1883,0.7520,-1.7882,-0.4078,6.2333,
2.169806,-0.9122,1.6615,-0.4214,-2.3655,-1.1883,0.7520,-2.7489,1.2704,6.2625,
2.170807,-0.9122,1.6615,-0.4214,-9.3395,6.4665,-3.8988,-2.7489,1.2704,6.2625,
2.221281,-1.0946,1.6020,-0.3472,-9.3395,6.4665,-3.8988,-2.7489,1.2704,6.2625,
2.223013,-1.0067,1.3038,-0.4754,-9.3395,6.4665,-3.8988,-2.7489,1.2704,6.2625,
2.223862,-1.0453,0.8192,-0.6133,-9.3395,6.4665,-3.8988,-2.7489,1.2704,6.2625,
2.224815,-1.0453,0.8192,-0.6133,-9.3395,6.4665,-3.8988,-2.6528,1.1922,3.5178,
2.226472,-1.0453,0.8192,-0.6133,-14.4066,3.4893,-5.9738,-2.6528,1.1922,3.5178,
2.282101,-1.2868,0.6036,-0.5262,-14.4066,3.4893,-5.9738,-2.6528,1.1922,3.5178,
2.285101,-1.1656,0.6509,-0.6382,-14.4066,3.4893,-5.9738,-2.6528,1.1922,3.5178,
2.287674,-0.8526,1.3114,-1.1525,-14.4066,3.4893,-5.9738,-2.6528,1.1922,3.5178,
2.289968,-0.8526,1.3114,-1.1525,-14.4066,3.4893,-5.9738,-0.2423,-1.1641,-1.1044,
2.292246,-0.8526,1.3114,-1.1525,-14.0879,-0.5146,-8.4830,-0.2423,-1.1641,-1.1044,
2.337350,1.0211,2.2197,-0.0256,-14.0879,-0.5146,-8.4830,-0.2423,-1.1641,-1.1044,
2.338699,2.8440,2.0280,0.0979,-14.0879,-0.5146,-8.4830,-0.2423,-1.1641,-1.1044,
2.339812,0.3846,1.2557,-1.2640,-14.0879,-0.5146,-8.4830,-0.2423,-1.1641,-1.1044,
2.340631,0.3846,1.2557,-1.2640,-14.0879,-0.5146,-8.4830,0.0934,-4.0845,-1.9458,
2.341301,0.3846,1.2557,-1.2640,11.2100,8.5416,-3.9825,0.0934,-4.0845,-1.9458,
2.396605,0.3846,1.2557,-1.2640,-8.2038,-2.7942,2.2621,0.0934,-4.0845,-1.9458,
2.398314,-1.2147,0.7430,0.1326,-8.2038,-2.7942,2.2621,0.0934,-4.0845,-1.9458,
2.399337,-0.7796,0.4651,0.5435,-8.2038,-2.7942,2.2621,0.0934,-4.0845,-1.9458,
2.399934,-0.3465,0.9090,0.0098,-8.2038,-2.7942,2.2621,0.0934,-4.0845,-1.9458,
2.400564,-0.3465,0.9090,0.0098,-8.2038,-2.7942,2.2621,0.2855,0.3433,-3.4105,
2.454119,-0.4082,1.2460,-0.1304,-8.2038,-2.7942,2.2621,0.2855,0.3433,-3.4105,
2.455180,-0.4102,1.1505,-0.1824,-8.2038,-2.7942,2.2621,0.2855,0.3433,-3.4105,
2.455817,-0.1358,1.0858,-0.1953,-8.2038,-2.7942,2.2621,0.2855,0.3433,-3.4105,
2.456315,-0.1358,1.0858,-0.1953,-8.2038,-2.7942,2.2621,0.3592,0.0843,-1.4618,
2.456892,-0.1358,1.0858,-0.1953,-2.7795,1.6171,-1.4024,0.3592,0.0843,-1.4618,
2.513867,0.0762,1.0819,-0.1878,-2.7795,1.6171,-1.4024,0.3592,0.0843,-1.4618,
2.515121,0.0501,0.9796,0.0127,-2.7795,1.6171,-1.4024,0.3592,0.0843,-1.4618,
2.516154,-0.2283,0.9522,0.0759,-2.7795,1.6171,-1.4024,0.3592,0.0843,-1.4618,
2.517044,-0.2283,0.9522,0.0759,-2.7795,1.6171,-1.4024,0.2506,-0.2091,-1.1395,
2.517909,-0.2283,0.9522,0.0759,0.6405,0.1322,0.0652,0.2506,-0.2091,-1.1395,
2.572698,-0.3587,1.0143,-0.0286,0.6405,0.1322,0.0652,0.2506,-0.2091,-1.1395,
2.575148,-0.2092,0.9840,-0.0737,0.6405,0.1322,0.0652,0.2506,-0.2091,-1.1395,
2.576912,-0.1065,0.9952,-0.0681,0.6405,0.1322,0.0652,0.2506,-0.2091,-1.1395,
2.578600,-0.1065,0.9952,-0.0681,0.6405,0.1322,0.0652,0.2879,0.1908,-1.0032,
2.581230,-0.1065,0.9952,-0.0681,-0.6535,0.1442,0.0097,0.2879,0.1908,-1.0032,
2.633557,-0.1663,1.0296,-0.0757,-0.6535,0.1442,0.0097,0.2879,0.1908,-1.0032,
2.636542,-0.1795,1.0304,-0.0649,-0.6535,0.1442,0.0097,0.2879,0.1908,-1.0032,
2.638146,-0.1279,1.0148,-0.0342,-0.6535,0.1442,0.0097,0.2879,0.1908,-1.0032,
2.641065,-0.1279,1.0148,-0.0342,-0.6535,0.1442,0.0097,0.2867,0.2073,-0.9825,
2.643988,-0.1279,1.0148,-0.0342,0.5313,0.5137,0.1737,0.2867,0.2073,-0.9825,
2.687987,-0.1277,0.9855,-0.0317,0.5313,0.5137,0.1737,0.2867,0.2073,-0.9825,
2.689350,-0.1240,0.9774,-0.0488,0.5313,0.5137,0.1737,0.2867,0.2073,-0.9825,
2.689832,-0.1118,0.9732,-0.0962,0.5313,0.5137,0.1737,0.2867,0.2073,-0.9825,
2.690285,-0.1118,0.9732,-0.0962,1.5052,0.2444,0.4204,0.2867,0.2073,-0.9825,
2.690966,-0.1118,0.9732,-0.0962,1.5052,0.2444,0.4204,0.3612,0.4476,-1.2162,
2.746258,-0.0769,0.9347,-0.1301,1.5052,0.2444,0.4204,0.3612,0.4476,-1.2162,
2.747833,-0.1145,0.9642,-0.1196,1.5052,0.2444,0.4204,0.3612,0.4476,-1.2162,
2.748544,-0.2444,1.1070,-0.0850,1.5052,0.2444,0.4204,0.3612,0.4476,-1.2162,
2.749775,-0.2444,1.1070,-0.0850,1.5052,0.2444,0.4204,0.5062,0.5869,-1.6764,
2.750878,-0.2444,1.1070,-0.0850,2.0822,0.7961,0.2765,0.5062,0.5869,-1.6764,
2.803995,-0.2207,1.2142,-0.0745,2.0822,0.7961,0.2765,0.5062,0.5869,-1.6764,
2.805102,-0.0034,1.1913,-0.0386,2.0822,0.7961,0.2765,0.5062,0.5869,-1.6764,
2.805701,0.1331,1.1801,-0.0754,2.0822,0.7961,0.2765,0.5062,0.5869,-1.6764,
2.806179,0.1331,1.1801,-0.0754,2.0822,0.7961,0.2765,0.8971,-0.1024,-2.0193,
2.806702,0.1331,1.1801,-0.0754,4.1640,3.1814,1.1602,0.8971,-0.1024,-2.0193,
2.863985,0.2105,1.4091,-0.0808,4.1640,3.1814,1.1602,0.8971,-0.1024,-2.0193,
2.865791,0.6026,1.9494,0.0530,4.1640,3.1814,1.1602,0.8971,-0.1024,-2.0193,
2.867684,1.2233,1.9567,-0.1045,4.1640,3.1814,1.1602,0.8971,-0.1024,-2.0193,
2.868647,1.2233,1.9567,-0.1045,4.1640,3.1814,1.1602,1.0425,1.7442,-2.4563,
2.869661,1.2233,1.9567,-0.1045,11.8016,9.4852,2.3030,1.0425,1.7442,-2.4563,
2.921142,0.3958,1.2782,-0.1389,11.8016,9.4852,2.3030,1.0425,1.7442,-2.4563,
2.921909,-0.8778,1.1310,-0.3181,11.8016,9.4852,2.3030,1.0425,1.7442,-2.4563,
2.922701,-1.3180,1.6029,-0.2901,11.8016,9.4852,2.3030,1.0425,1.7442,-2.4563,
2.923435,-1.3180,1.6029,-0.2901,0.0250,6.5608,1.9962,1.0425,1.7442,-2.4563,
2.924063,-1.3180,1.6029,-0.2901,0.0250,6.5608,1.9962,1.3467,3.5980,-3.6224,
2.984430,-1.3180,1.6029,-0.2901,-1.1194,2.0497,1.3007,1.3467,3.5980,-3.6224,
2.987219,-0.9251,1.2401,-0.2622,-1.1194,2.0497,1.3007,1.3467,3.5980,-3.6224,
2.989609,-0.6424,0.6834,-0.3570,-1.1194,2.0497,1.3007,1.3467,3.5980,-3.6224,
2.991546,-0.6610,0.5062,-0.5215,-1.1194,2.0497,1.3007,1.3467,3.5980,-3.6224,
2.993412,-0.6610,0.5062,-0.5215,-1.1194,2.0497,1.3007,0.7452,0.9961,-1.3985,
3.040432,-0.4771,0.5037,-0.6190,-1.1194,2.0497,1.3007,0.7452,0.9961,-1.3985,
3.042453,-0.1863,0.3343,-0.1448,-1.1194,2.0497,1.3007,0.7452,0.9961,-1.3985,
3.043682,-0.1155,0.1370,-0.0874,-1.1194,2.0497,1.3007,0.7452,0.9961,-1.3985,
3.045475,-0.1155,0.1370,-0.0874,-1.1194,2.0497,1.3007,-1.3804,-0.5722,1.0540,
3.047745,-0.1155,0.1370,-0.0874,3.3198,-3.3872,1.5135,-1.3804,-0.5722,1.0540,
3.097139,-0.1934,0.1587,-0.0999,3.3198,-3.3872,1.5135,-1.3804,-0.5722,1.0540,
3.100307,-0.1758,0.3626,-0.2793,3.3198,-3.3872,1.5135,-1.3804,-0.5722,1.0540,
3.101871,-0.2141,0.5311,-0.3807,3.3198,-3.3872,1.5135,-1.3804,-0.5722,1.0540,
3.103033,-0.2141,0.5311,-0.3807,3.3198,-3.3872,1.5135,-1.8951,-0.3166,3.4152,
3.103969,-0.2141,0.5311,-0.3807,2.5191,-4.5110,0.8887,-1.8951,-0.3166,3.4152,
3.154410,-0.3494,0.6165,-0.1655,2.5191,-4.5110,0.8887,-1.8951,-0.3166,3.4152,
3.155621,-0.3059,0.5987,-0.2366,2.5191,-4.5110,0.8887,-1.8951,-0.3166,3.4152,
3.156372,-0.3694,0.6890,-0.4117,2.5191,-4.5110,0.8887,-1.8951,-0.3166,3.4152,
3.157045,-0.3694,0.6890,-0.4117,2.5191,-4.5110,0.8887,-2.4799,-0.2183,5.0098,
3.157669,-0.3694,0.6890,-0.4117,-1.4012,-3.0049,-0.5758,-2.4799,-0.2183,5.0098,
3.213623,-0.4891,1.0118,-0.3797,-1.4012,-3.0049,-0.5758,-2.4799,-0.2183,5.0098,
3.215284,-0.5833,1.4425,-0.4185,-1.4012,-3.0049,-0.5758,-2.4799,-0.2183,5.0098,
3.216029,-0.8541,1.7189,-0.5452,-1.4012,-3.0049,-0.5758,-2.4799,-0.2183,5.0098,
3.219336,-0.8541,1.7189,-0.5452,-7.4349,4.0091,-3.7009,-2.4799,-0.2183,5.0098,
3.221045,-0.8541,1.7189,-0.5452,-7.4349,4.0091,-3.7009,-2.6265,-0.5090,5.8841,
3.270902,-1.0301,1.7040,-0.3658,-7.4349,4.0091,-3.7009,-2.6265,-0.5090,5.8841,
3.272271,-1.1395,1.4086,-0.2295,-7.4349,4.0091,-3.7009,-2.6265,-0.5090,5.8841,
3.273047,-0.9364,0.9989,-0.3035,-7.4349,4.0091,-3.7009,-2.6265,-0.5090,5.8841,
3.273844,-0.9364,0.9989,-0.3035,-7.4349,4.0091,-3.7009,-2.3478,-1.9311,4.9570,
3.275414,-0.9364,0.9989,-0.3035,-13.7366,4.4303,-3.1667,-2.3478,-1.9311,4.9570,
3.331544,-0.7872,0.8167,-0.4031,-13.7366,4.4303,-3.1667,-2.3478,-1.9311,4.9570,
3.334246,-0.9400,0.7349,-0.3946,-13.7366,4.4303,-3.1667,-2.3478,-1.9311,4.9570,
3.336117,-0.9317,0.8665,-0.7349,-13.7366,4.4303,-3.1667,-2.3478,-1.9311,4.9570,
3.337843,-0.9317,0.8665,-0.7349,-13.7366,4.4303,-3.1667,-0.6732,-1.7837,-0.0678,
3.345450,-0.9317,0.8665,-0.7349,-12.0582,-1.0857,-5.1016,-0.6732,-1.7837,-0.0678,
3.388360,-0.1245,1.5766,-0.6194,-12.0582,-1.0857,-5.1016,-0.6732,-1.7837,-0.0678,
3.392482,1.9863,2.0835,0.8910,-12.0582,-1.0857,-5.1016,-0.6732,-1.7837,-0.0678,
3.395377,0.9122,1.6279,-0.9017,-12.0582,-1.0857,-5.1016,-0.6732,-1.7837,-0.0678,
3.398286,0.9122,1.6279,-0.9017,6.4402,7.8752,-1.9077,-0.6732,-1.7837,-0.0678,
3.401206,0.9122,1.6279,-0.9017,6.4402,7.8752,-1.9077,-0.3319,-2.2217,-1.6171,
3.447349,0.9122,1.6279,-0.9017,-5.6105,-2.0529,-0.3197,-0.3319,-2.2217,-1.6171,
3.449918,-0.5757,0.8961,-0.6290,-5.6105,-2.0529,-0.3197,-0.3319,-2.2217,-1.6171,
3.450880,-0.4766,0.5123,0.1829,-5.6105,-2.0529,-0.3197,-0.3319,-2.2217,-1.6171,
3.451714,-0.3526,0.9186,0.2456,-5.6105,-2.0529,-0.3197,-0.3319,-2.2217,-1.6171,
3.452537,-0.3526,0.9186,0.2456,-5.6105,-2.0529,-0.3197,0.3400,0.2670,-2.7084,
3.504220,-0.2840,1.0987,0.1365,-5.6105,-2.0529,-0.3197,0.3400,0.2670,-2.7084,
3.505578,-0.1638,1.0089,-0.0713,-5.6105,-2.0529,-0.3197,0.3400,0.2670,-2.7084,
3.505998,-0.1392,0.9896,-0.2068,-5.6105,-2.0529,-0.3197,0.3400,0.2670,-2.7084,
3.506404,-0.1392,0.9896,-0.2068,-5.6105,-2.0529,-0.3197,0.3123,-0.4750,-1.1700,
3.506996,-0.1392,0.9896,-0.2068,-2.2274,0.4174,0.0625,0.3123,-0.4750,-1.1700,
3.562895,-0.0855,1.0177,-0.1958,-2.2274,0.4174,0.0625,0.3123,-0.4750,-1.1700,
3.564946,-0.0586,1.0265,-0.1323,-2.2274,0.4174,0.0625,0.3123,-0.4750,-1.1700,
3.565754,-0.0803,1.0174,-0.0464,-2.2274,0.4174,0.0625,0.3123,-0.4750,-1.1700,
3.566392,-0.0803,1.0174,-0.0464,-2.2274,0.4174,0.0625,0.1362,-0.3119,-0.6949,
3.567226,-0.0803,1.0174,-0.0464,-0.6288,0.2960,-0.6091,0.1362,-0.3119,-0.6949,
3.620615,-0.1226,1.0199,-0.0769,-0.6288,0.2960,-0.6091,0.1362,-0.3119,-0.6949,
3.621642,-0.1448,1.0050,-0.1135,-0.6288,0.2960,-0.6091,0.1362,-0.3119,-0.6949,
3.622331,-0.0742,1.0067,-0.1275,-0.6288,0.2960,-0.6091,0.1362,-0.3119,-0.6949,
3.622826,-0.0742,1.0067,-0.1275,-0.6288,0.2960,-0.6091,0.1128,-0.2529,-0.4561,
3.623340,-0.0742,1.0067,-0.1275,-0.7315,0.2050,-0.3578,0.1128,-0.2529,-0.4561,
3.679774,0.0215,0.9960,-0.0859,-0.7315,0.2050,-0.3578,0.1128,-0.2529,-0.4561,
3.681522,-0.0310,0.9857,-0.0855,-0.7315,0.2050,-0.3578,0.1128,-0.2529,-0.4561,
3.682343,-0.0933,0.9881,-0.0581,-0.7315,0.2050,-0.3578,0.1128,-0.2529,-0.4561,
3.683179,-0.0933,0.9881,-0.0581,0.2564,0.0166,-0.0275,0.1128,-0.2529,-0.4561,
3.683952,-0.0933,0.9881,-0.0581,0.2564,0.0166,-0.0275,0.0684,0.0719,-0.3808,
3.738229,-0.0679,0.9652,-0.0183,0.2564,0.0166,-0.0275,0.0684,0.0719,-0.3808,
3.740068,-0.0713,0.9593,-0.0024,0.2564,0.0166,-0.0275,0.0684,0.0719,-0.3808,
3.740955,-0.0596,0.9747,0.0037,0.2564,0.0166,-0.0275,0.0684,0.0719,-0.3808,
3.741706,-0.0596,0.9747,0.0037,0.1843,-0.1869,0.7268,0.0684,0.0719,-0.3808,
3.742492,-0.0596,0.9747,0.0037,0.1843,-0.1869,0.7268,0.1185,0.1405,-0.4445,
3.795853,0.0066,0.9933,-0.0222,0.1843,-0.1869,0.7268,0.1185,0.1405,-0.4445,
3.797070,0.0757,1.0060,-0.0449,0.1843,-0.1869,0.7268,0.1185,0.1405,-0.4445,
3.797595,0.0732,1.0265,-0.0637,0.1843,-0.1869,0.7268,0.1185,0.1405,-0.4445,
3.798090,0.0732,1.0265,-0.0637,0.1843,-0.1869,0.7268,0.3099,-0.1527,-0.6699,
3.799773,0.0732,1.0265,-0.0637,1.6972,0.2773,0.5110,0.3099,-0.1527,-0.6699,
3.853964,0.0608,1.0314,-0.0808,1.6972,0.2773,0.5110,0.3099,-0.1527,-0.6699,
3.855104,0.1060,1.0719,-0.0566,1.6972,0.2773,0.5110,0.3099,-0.1527,-0.6699,
3.855714,0.2009,1.1696,-0.0415,1.6972,0.2773,0.5110,0.3099,-0.1527,-0.6699,
3.856249,0.2009,1.1696,-0.0415,1.6972,0.2773,0.5110,0.6058,0.2214,-1.2791,
3.857584,0.2009,1.1696,-0.0415,3.0354,1.2181,0.6997,0.6058,0.2214,-1.2791,
3.912293,0.2520,1.2821,-0.1382,3.0354,1.2181,0.6997,0.6058,0.2214,-1.2791,
3.913609,0.2119,1.4447,-0.1821,3.0354,1.2181,0.6997,0.6058,0.2214,-1.2791,
3.914181,0.1826,1.5778,-0.2959,3.0354,1.2181,0.6997,0.6058,0.2214,-1.2791,
3.914822,0.1826,1.5778,-0.2959,3.0354,1.2181,0.6997,1.0664,0.5099,-2.1730,
3.915386,0.1826,1.5778,-0.2959,4.9910,4.9105,-0.0778,1.0664,0.5099,-2.1730,
3.971009,0.0601,1.5087,-0.3296,4.9910,4.9105,-0.0778,1.0664,0.5099,-2.1730,
3.972646,-0.2637,1.0108,-0.2940,4.9910,4.9105,-0.0778,1.0664,0.5099,-2.1730,
3.973383,-0.7152,0.6436,-0.2534,4.9910,4.9105,-0.0778,1.0664,0.5099,-2.1730,
3.974206,-0.7152,0.6436,-0.2534,4.9910,4.9105,-0.0778,1.5946,-0.0181,-2.7749,
3.974888,-0.7152,0.6436,-0.2534,1.2810,1.9497,-0.1194,1.5946,-0.0181,-2.7749,
4.030022,-1.2191,0.6138,-0.3973,1.2810,1.9497,-0.1194,1.5946,-0.0181,-2.7749,
4.033661,-1.2448,0.5428,-0.4178,1.2810,1.9497,-0.1194,1.5946,-0.0181,-2.7749,
4.035789,-0.5367,0.4427,-0.3577,1.2810,1.9497,-0.1194,1.5946,-0.0181,-2.7749,
4.037649,-0.5367,0.4427,-0.3577,1.2810,1.9497,-0.1194,1.9041,-2.2637,-1.0947,
4.041092,-0.5367,0.4427,-0.3577,-4.5345,-2.4940,-0.8187,1.9041,-2.2637,-1.0947,
4.087600,0.3286,0.1841,-0.0881,-4.5345,-2.4940,-0.8187,1.9041,-2.2637,-1.0947,
4.089208,0.7618,0.0703,-0.1648,-4.5345,-2.4940,-0.8187,1.9041,-2.2637,-1.0947,
4.090134,0.1013,0.3692,-0.1231,-4.5345,-2.4940,-0.8187,1.9041,-2.2637,-1.0947,
4.092116,0.1013,0.3692,-0.1231,8.4995,-5.9959,1.5122,1.9041,-2.2637,-1.0947,
4.093472,0.1013,0.3692,-0.1231,8.4995,-5.9959,1.5122,1.7285,-3.4699,2.4003,
4.146101,-0.3599,0.6016,-0.2354,8.4995,-5.9959,1.5122,1.7285,-3.4699,2.4003,
4.147751,-0.5313,0.7845,-0.3147,8.4995,-5.9959,1.5122,1.7285,-3.4699,2.4003,
4.148507,-0.6903,0.9391,-0.2552,8.4995,-5.9959,1.5122,1.7285,-3.4699,2.4003,
4.149195,-0.6903,0.9391,-0.2552,8.4995,-5.9959,1.5122,1.9405,-4.0712,4.1421,
4.149807,-0.6903,0.9391,-0.2552,-1.9069,-1.0651,0.1101,1.9405,-4.0712,4.1421,
4.204012,-0.6937,0.9781,-0.3240,-1.9069,-1.0651,0.1101,1.9405,-4.0712,4.1421,
4.205658,-0.4905,1.1505,-0.3496,-1.9069,-1.0651,0.1101,1.9405,-4.0712,4.1421,
4.206276,-0.5303,1.2789,-0.1218,-1.9069,-1.0651,0.1101,1.9405,-4.0712,4.1421,
4.206815,-0.5303,1.2789,-0.1218,-1.9069,-1.0651,0.1101,2.2266,-7.1940,5.1983,
4.207408,-0.5303,1.2789,-0.1218,-3.8089,2.0468,0.2650,2.2266,-7.1940,5.1983,
4.263241,-0.7471,1.2067,-0.0576,-3.8089,2.0468,0.2650,2.2266,-7.1940,5.1983,
4.265279,-1.0607,1.2035,0.1214,-3.8089,2.0468,0.2650,2.2266,-7.1940,5.1983,
4.265894,-0.3125,0.8101,0.7847,-3.8089,2.0468,0.2650,2.2266,-7.1940,5.1983,
4.266494,-0.3125,0.8101,0.7847,-3.8089,2.0468,0.2650,1.4005,-7.0419,2.5457,
4.267087,-0.3125,0.8101,0.7847,-5.1911,1.4115,5.6249,1.4005,-7.0419,2.5457,
4.320725,0.6141,0.6268,1.0589,-5.1911,1.4115,5.6249,1.4005,-7.0419,2.5457,
4.322267,0.3587,1.0890,0.5469,-5.1911,1.4115,5.6249,1.4005,-7.0419,2.5457,
4.322989,0.1572,1.4757,-0.4822,-5.1911,1.4115,5.6249,1.4005,-7.0419,2.5457,
4.323734,0.1572,1.4757,-0.4822,-5.1911,1.4115,5.6249,-0.3643,-0.0782,0.5288,
4.324848,0.1572,1.4757,-0.4822,5.0787,1.1879,6.2067,-0.3643,-0.0782,0.5288,
4.380218,-0.2808,1.6843,-0.2442,5.0787,1.1879,6.2067,-0.3643,-0.0782,0.5288,
4.383827,-0.7452,1.0360,-0.4559,5.0787,1.1879,6.2067,-0.3643,-0.0782,0.5288,
4.390038,-0.3267,0.8165,-0.5696,5.0787,1.1879,6.2067,-0.3643,-0.0782,0.5288,
4.392986,-0.3267,0.8165,-0.5696,-2.8832,2.2962,-1.5704,-0.3643,-0.0782,0.5288,
4.395354,-0.3267,0.8165,-0.5696,-2.8832,2.2962,-1.5704,0.1490,-0.7978,0.0338,
4.438089,0.1353,0.9867,-0.2210,-2.8832,2.2962,-1.5704,0.1490,-0.7978,0.0338,
4.440449,0.2913,1.0463,-0.1524,-2.8832,2.2962,-1.5704,0.1490,-0.7978,0.0338,
4.441527,0.1184,0.9164,-0.1126,-2.8832,2.2962,-1.5704,0.1490,-0.7978,0.0338,
4.442905,0.1184,0.9164,-0.1126,-2.8832,2.2962,-1.5704,0.2022,-2.0213,0.4122,
4.444294,0.1184,0.9164,-0.1126,3.3365,0.3630,0.8976,0.2022,-2.0213,0.4122,
4.495735,-0.2574,0.9515,-0.2845,3.3365,0.3630,0.8976,0.2022,-2.0213,0.4122,
4.496837,-0.6094,0.9928,-0.3648,3.3365,0.3630,0.8976,0.2022,-2.0213,0.4122,
4.497689,-0.5408,0.9537,-0.3450,3.3365,0.3630,0.8976,0.2022,-2.0213,0.4122,
4.498414,-0.5408,0.9537,-0.3450,3.3365,0.3630,0.8976,0.3172,0.1647,-0.1851,
4.499351,-0.5408,0.9537,-0.3450,-2.9195,0.2560,-0.5664,0.3172,0.1647,-0.1851,
4.555102,-0.3328,0.9376,-0.3035,-2.9195,0.2560,-0.5664,0.3172,0.1647,-0.1851,
4.557806,-0.1118,0.9439,-0.2246,-2.9195,0.2560,-0.5664,0.3172,0.1647,-0.1851,
4.559245,0.0525,0.9403,-0.1807,-2.9195,0.2560,-0.5664,0.3172,0.1647,-0.1851,
4.560688,0.0525,0.9403,-0.1807,-2.9195,0.2560,-0.5664,0.2258,-0.6679,0.5966,
4.562157,0.0525,0.9403,-0.1807,0.1803,-0.0116,0.4190,0.2258,-0.6679,0.5966,
4.612790,0.0872,0.9488,-0.2036,0.1803,-0.0116,0.4190,0.2258,-0.6679,0.5966,
4.614223,-0.0112,0.9559,-0.2376,0.1803,-0.0116,0.4190,0.2258,-0.6679,0.5966,
4.615326,-0.1004,0.9552,-0.2112,0.1803,-0.0116,0.4190,0.2258,-0.6679,0.5966,
4.616087,-0.1004,0.9552,-0.2112,0.1803,-0.0116,0.4190,0.3657,-0.0613,0.0996,
4.616786,-0.1004,0.9552,-0.2112,1.3151,0.1620,0.7812,0.3657,-0.0613,0.0996,
4.672883,-0.1760,0.9469,-0.2271,1.3151,0.1620,0.7812,0.3657,-0.0613,0.0996,
4.676311,-0.2427,0.9752,-0.2322,1.3151,0.1620,0.7812,0.3657,-0.0613,0.0996,
4.677786,-0.2410,0.9925,-0.2451,1.3151,0.1620,0.7812,0.3657,-0.0613,0.0996,
4.679865,-0.2410,0.9925,-0.2451,1.3151,0.1620,0.7812,0.5640,0.1198,-0.1358,
4.682557,-0.2410,0.9925,-0.2451,-0.6979,0.4453,0.9062,0.5640,0.1198,-0.1358,
4.730020,-0.1463,1.0157,-0.2622,-0.6979,0.4453,0.9062,0.5640,0.1198,-0.1358,
4.732519,-0.0317,0.9916,-0.2114,-0.6979,0.4453,0.9062,0.5640,0.1198,-0.1358,
4.733198,-0.0786,0.9476,-0.2849,-0.6979,0.4453,0.9062,0.5640,0.1198,-0.1358,
4.734099,-0.0786,0.9476,-0.2849,-0.6979,0.4453,0.9062,0.8721,0.1142,-0.0321,
4.734981,-0.0786,0.9476,-0.2849,0.6029,0.7422,1.1763,0.8721,0.1142,-0.0321,
4.789789,-0.1426,1.0614,-0.2239,0.6029,0.7422,1.1763,0.8721,0.1142,-0.0321,
4.792851,-0.0349,1.1774,-0.2676,0.6029,0.7422,1.1763,0.8721,0.1142,-0.0321,
4.796077,0.0322,1.2291,-0.3599,0.6029,0.7422,1.1763,0.8721,0.1142,-0.0321,
4.798258,0.0322,1.2291,-0.3599,0.6029,0.7422,1.1763,1.3761,0.2163,-0.1806,
4.800914,0.0322,1.2291,-0.3599,0.9910,2.7098,1.5670,1.3761,0.2163,-0.1806,
4.846094,-0.0042,1.2452,-0.3995,0.9910,2.7098,1.5670,1.3761,0.2163,-0.1806,
4.847430,0.0295,1.2907,-0.3909,0.9910,2.7098,1.5670,1.3761,0.2163,-0.1806,
4.848373,0.2339,1.4750,-0.1780,0.9910,2.7098,1.5670,1.3761,0.2163,-0.1806,
4.849370,0.2339,1.4750,-0.1780,0.9910,2.7098,1.5670,2.0859,-0.4911,-0.1942,
4.850176,0.2339,1.4750,-0.1780,2.5059,5.0056,2.1162,2.0859,-0.4911,-0.1942,
4.904425,0.4449,1.7409,0.1275,2.5059,5.0056,2.1162,2.0859,-0.4911,-0.1942,
4.905636,0.4122,1.7284,0.2454,2.5059,5.0056,2.1162,2.0859,-0.4911,-0.1942,
4.906152,-0.0825,1.4691,0.4395,2.5059,5.0056,2.1162,2.0859,-0.4911,-0.1942,
4.906726,-0.0825,1.4691,0.4395,2.5059,5.0056,2.1162,2.7192,-2.4380,-0.2056,
4.907283,-0.0825,1.4691,0.4395,5.0223,8.8262,8.6966,2.7192,-2.4380,-0.2056,
4.962909,-0.5919,1.2477,0.3680,5.0223,8.8262,8.6966,2.7192,-2.4380,-0.2056,
4.964328,-0.8995,1.3573,0.0938,5.0223,8.8262,8.6966,2.7192,-2.4380,-0.2056,
4.964966,-0.9772,1.4091,-0.2508,5.0223,8.8262,8.6966,2.7192,-2.4380,-0.2056,
4.965473,-0.9772,1.4091,-0.2508,5.0223,8.8262,8.6966,2.3826,-3.2140,-1.3696,
4.966076,-0.9772,1.4091,-0.2508,-3.7965,6.8342,6.9329,2.3826,-3.2140,-1.3696,
5.021001,-0.5880,1.1105,-0.5589,-3.7965,6.8342,6.9329,2.3826,-3.2140,-1.3696,
5.022278,-0.2410,0.9198,-0.4920,-3.7965,6.8342,6.9329,2.3826,-3.2140,-1.3696,
5.022827,0.0300,0.7076,-0.0083,-3.7965,6.8342,6.9329,2.3826,-3.2140,-1.3696,
5.023352,0.0300,0.7076,-0.0083,-3.7965,6.8342,6.9329,1.4152,-4.2327,-0.2073,
5.023889,0.0300,0.7076,-0.0083,3.1444,3.1588,1.9871,1.4152,-4.2327,-0.2073,
5.079380,-0.0474,0.5142,0.2019,3.1444,3.1588,1.9871,1.4152,-4.2327,-0.2073,
5.080623,-0.2740,0.5560,0.0742,3.1444,3.1588,1.9871,1.4152,-4.2327,-0.2073,
5.081280,-0.2481,0.6373,-0.0076,3.1444,3.1588,1.9871,1.4152,-4.2327,-0.2073,
5.082250,-0.2481,0.6373,-0.0076,3.1444,3.1588,1.9871,0.0051,-2.2508,1.6944,
5.082959,-0.2481,0.6373,-0.0076,3.9010,-0.7718,5.4549,0.0051,-2.2508,1.6944,
5.137772,-0.1780,0.6329,-0.0542,3.9010,-0.7718,5.4549,0.0051,-2.2508,1.6944,
5.139637,-0.2007,0.6136,-0.1729,3.9010,-0.7718,5.4549,0.0051,-2.2508,1.6944,
5.140571,-0.2720,0.6514,-0.2488,3.9010,-0.7718,5.4549,0.0051,-2.2508,1.6944,
5.141515,-0.2720,0.6514,-0.2488,3.9010,-0.7718,5.4549,-1.0928,0.0240,3.5027,
5.142699,-0.2720,0.6514,-0.2488,2.1626,-1.4437,2.5204,-1.0928,0.0240,3.5027,
5.196145,-0.3057,0.7305,-0.3257,2.1626,-1.4437,2.5204,-1.0928,0.0240,3.5027,
5.198277,-0.3482,0.8390,-0.3680,2.1626,-1.4437,2.5204,-1.0928,0.0240,3.5027,
5.199573,-0.4424,0.9891,-0.3423,2.1626,-1.4437,2.5204,-1.0928,0.0240,3.5027,
5.200732,-0.4424,0.9891,-0.3423,2.1626,-1.4437,2.5204,-2.2663,0.8548,4.8627,
5.201650,-0.4424,0.9891,-0.3423,-1.8157,-0.6170,-0.2705,-2.2663,0.8548,4.8627,
5.254223,-0.4573,1.1649,-0.3318,-1.8157,-0.6170,-0.2705,-2.2663,0.8548,4.8627,
5.255938,-0.5081,1.3886,-0.4578,-1.8157,-0.6170,-0.2705,-2.2663,0.8548,4.8627,
5.256975,-0.5838,1.5194,-0.5867,-1.8157,-0.6170,-0.2705,-2.2663,0.8548,4.8627,
5.257913,-0.5838,1.5194,-0.5867,-1.8157,-0.6170,-0.2705,-3.1008,-0.6544,5.9810,
5.258796,-0.5838,1.5194,-0.5867,-6.3677,3.7915,-3.0058,-3.1008,-0.6544,5.9810,
5.312749,-0.7852,1.5485,-0.5606,-6.3677,3.7915,-3.0058,-3.1008,-0.6544,5.9810,
5.314358,-1.1227,1.4357,-0.3572,-6.3677,3.7915,-3.0058,-3.1008,-0.6544,5.9810,
5.315144,-1.2877,1.1957,-0.2681,-6.3677,3.7915,-3.0058,-3.1008,-0.6544,5.9810,
5.316012,-1.2877,1.1957,-0.2681,-6.3677,3.7915,-3.0058,-2.5775,-0.9395,4.9462,
5.316788,-1.2877,1.1957,-0.2681,-14.1385,4.6946,-3.5668,-2.5775,-0.9395,4.9462,
5.370622,-1.1251,0.8966,-0.4537,-14.1385,4.6946,-3.5668,-2.5775,-0.9395,4.9462,
5.372272,-1.1725,0.7469,-0.4546,-14.1385,4.6946,-3.5668,-2.5775,-0.9395,4.9462,
5.373190,-1.1866,0.7281,-0.6937,-14.1385,4.6946,-3.5668,-2.5775,-0.9395,4.9462,
5.374007,-1.1866,0.7281,-0.6937,-14.8912,-1.1717,-5.0812,-2.5775,-0.9395,4.9462,
5.375625,-1.1866,0.7281,-0.6937,-14.8912,-1.1717,-5.0812,-0.6396,-0.3901,0.1259,
5.429413,-0.3264,1.6203,-0.7894,-14.8912,-1.1717,-5.0812,-0.6396,-0.3901,0.1259,
5.431011,2.1960,1.9453,0.8116,-14.8912,-1.1717,-5.0812,-0.6396,-0.3901,0.1259,
5.431806,1.5461,1.4249,-0.2752,-14.8912,-1.1717,-5.0812,-0.6396,-0.3901,0.1259,
5.433077,1.5461,1.4249,-0.2752,8.4237,6.9687,-0.3269,-0.6396,-0.3901,0.1259,
5.441106,1.5461,1.4249,-0.2752,8.4237,6.9687,-0.3269,0.0285,-1.8163,-1.6740,
5.487248,-0.8805,1.0543,-1.2955,8.4237,6.9687,-0.3269,0.0285,-1.8163,-1.6740,
5.488570,-1.1776,0.9686,-0.2964,8.4237,6.9687,-0.3269,0.0285,-1.8163,-1.6740,
5.489420,-0.3741,0.7117,0.6170,8.4237,6.9687,-0.3269,0.0285,-1.8163,-1.6740,
5.490113,-0.3741,0.7117,0.6170,8.4237,6.9687,-0.3269,0.0922,-0.5439,-3.0417,
5.490811,-0.3741,0.7117,0.6170,-8.8225,-0.7189,-2.5192,0.0922,-0.5439,-3.0417,
5.545604,-0.0581,0.9105,0.5308,-8.8225,-0.7189,-2.5192,0.0922,-0.5439,-3.0417,
5.546821,0.1077,1.0860,-0.0894,-8.8225,-0.7189,-2.5192,0.0922,-0.5439,-3.0417,
5.547369,-0.2324,1.0902,-0.3689,-8.8225,-0.7189,-2.5192,0.0922,-0.5439,-3.0417,
5.548762,-0.2324,1.0902,-0.3689,-8.8225,-0.7189,-2.5192,0.2221,-0.1187,-1.3547,
5.551273,-0.2324,1.0902,-0.3689,-0.6933,0.3952,1.0153,0.2221,-0.1187,-1.3547,
5.604164,-0.3306,1.1329,-0.1655,-0.6933,0.3952,1.0153,0.2221,-0.1187,-1.3547,
5.605372,-0.0161,1.0777,-0.0940,-0.6933,0.3952,1.0153,0.2221,-0.1187,-1.3547,
5.605881,0.0794,1.0062,0.0232,-0.6933,0.3952,1.0153,0.2221,-0.1187,-1.3547,
5.606992,0.0794,1.0062,0.0232,-0.4928,0.8156,0.0353,0.2221,-0.1187,-1.3547,
5.607696,0.0794,1.0062,0.0232,-0.4928,0.8156,0.0353,0.0546,-0.1262,-0.8183,
5.663043,0.0422,0.9940,0.1013,-0.4928,0.8156,0.0353,0.0546,-0.1262,-0.8183,
5.664566,0.1184,0.9808,0.0781,-0.4928,0.8156,0.0353,0.0546,-0.1262,-0.8183,
5.665161,0.1677,0.9403,0.0486,-0.4928,0.8156,0.0353,0.0546,-0.1262,-0.8183,
5.665731,0.1677,0.9403,0.0486,-0.4928,0.8156,0.0353,0.2781,-0.3207,-0.9240,
5.666304,0.1677,0.9403,0.0486,1.9577,-0.1190,1.6684,0.2781,-0.3207,-0.9240,
5.720979,-0.0034,0.9479,-0.0027,1.9577,-0.1190,1.6684,0.2781,-0.3207,-0.9240,
5.721917,-0.1795,0.9762,-0.0203,1.9577,-0.1190,1.6684,0.2781,-0.3207,-0.9240,
5.722322,-0.1604,1.0128,-0.0220,1.9577,-0.1190,1.6684,0.2781,-0.3207,-0.9240,
5.722911,-0.1604,1.0128,-0.0220,1.9577,-0.1190,1.6684,0.4457,0.2729,-1.3875,
5.723498,-0.1604,1.0128,-0.0220,0.5128,0.0806,1.0303,0.4457,0.2729,-1.3875,
5.779243,-0.1277,1.0194,-0.0754,0.5128,0.0806,1.0303,0.4457,0.2729,-1.3875,
5.780454,-0.2139,1.0082,-0.1282,0.5128,0.0806,1.0303,0.4457,0.2729,-1.3875,
5.780981,-0.2564,0.9957,-0.1570,0.5128,0.0806,1.0303,0.4457,0.2729,-1.3875,
5.781569,-0.2564,0.9957,-0.1570,0.5128,0.0806,1.0303,0.5746,0.2576,-1.4345,
5.782082,-0.2564,0.9957,-0.1570,0.4411,0.5677,0.3390,0.5746,0.2576,-1.4345,
5.837531,-0.2134,1.0199,-0.1734,0.4411,0.5677,0.3390,0.5746,0.2576,-1.4345,
5.838703,-0.0921,1.0389,-0.1555,0.4411,0.5677,0.3390,0.5746,0.2576,-1.4345,
5.839426,-0.0083,1.0743,-0.1128,0.4411,0.5677,0.3390,0.5746,0.2576,-1.4345,
5.840019,-0.0083,1.0743,-0.1128,0.4411,0.5677,0.3390,0.5958,0.4565,-1.5151,
5.840614,-0.0083,1.0743,-0.1128,2.0980,1.2114,0.4596,0.5958,0.4565,-1.5151,
5.895919,-0.1314,1.1945,-0.1150,2.0980,1.2114,0.4596,0.5958,0.4565,-1.5151,
5.897112,-0.1729,1.2760,-0.1675,2.0980,1.2114,0.4596,0.5958,0.4565,-1.5151,
5.897608,-0.0190,1.3019,-0.1448,2.0980,1.2114,0.4596,0.5958,0.4565,-1.5151,
5.898156,-0.0190,1.3019,-0.1448,2.0980,1.2114,0.4596,0.9786,0.1354,-1.9743,
5.898623,-0.0190,1.3019,-0.1448,3.0091,3.7766,1.0163,0.9786,0.1354,-1.9743,
5.954683,0.1641,1.4606,-0.0501,3.0091,3.7766,1.0163,0.9786,0.1354,-1.9743,
5.955889,0.4915,1.7590,0.2354,3.0091,3.7766,1.0163,0.9786,0.1354,-1.9743,
5.956521,0.7945,1.9262,0.1441,3.0091,3.7766,1.0163,0.9786,0.1354,-1.9743,
5.957188,0.7945,1.9262,0.1441,3.0091,3.7766,1.0163,1.5198,0.2124,-2.3052,
5.957794,0.7945,1.9262,0.1441,9.6966,8.9788,4.1939,1.5198,0.2124,-2.3052,
6.012283,0.8194,1.7245,0.0410,9.6966,8.9788,4.1939,1.5198,0.2124,-2.3052,
6.013418,0.2061,1.2052,-0.0103,9.6966,8.9788,4.1939,1.5198,0.2124,-2.3052,
6.013999,-0.7198,1.0694,-0.2617,9.6966,8.9788,4.1939,1.5198,0.2124,-2.3052,
6.014634,-0.7198,1.0694,-0.2617,9.6966,8.9788,4.1939,1.2840,1.9764,-3.0380,
6.015779,-0.7198,1.0694,-0.2617,6.6917,6.3618,3.4804,1.2840,1.9764,-3.0380,
6.070900,-0.9703,1.4804,-0.1619,6.6917,6.3618,3.4804,1.2840,1.9764,-3.0380,
6.072109,-0.7081,1.2155,-0.1528,6.6917,6.3618,3.4804,1.2840,1.9764,-3.0380,
6.072658,-0.7003,0.7171,-0.3902,6.6917,6.3618,3.4804,1.2840,1.9764,-3.0380,
6.074075,-0.7003,0.7171,-0.3902,6.6917,6.3618,3.4804,1.2659,1.9880,-2.4944,
6.074846,-0.7003,0.7171,-0.3902,-1.7159,5.5660,3.0162,1.2659,1.9880,-2.4944,
6.129472,-0.7459,0.5482,-0.3413,-1.7159,5.5660,3.0162,1.2659,1.9880,-2.4944,
6.130686,-0.5335,0.5401,-0.5232,-1.7159,5.5660,3.0162,1.2659,1.9880,-2.4944,
6.131208,-0.2273,0.4209,-0.2298,-1.7159,5.5660,3.0162,1.2659,1.9880,-2.4944,
6.131652,-0.2273,0.4209,-0.2298,-1.7159,5.5660,3.0162,-0.5427,-0.1484,0.1460,
6.133105,-0.2273,0.4209,-0.2298,1.1070,-0.8563,1.4882,-0.5427,-0.1484,0.1460,
6.187244,-0.1778,0.2486,-0.1047,1.1070,-0.8563,1.4882,-0.5427,-0.1484,0.1460,
6.188429,-0.1734,0.2276,-0.1411,1.1070,-0.8563,1.4882,-0.5427,-0.1484,0.1460,
6.189519,-0.1695,0.3738,-0.3098,1.1070,-0.8563,1.4882,-0.5427,-0.1484,0.1460,
6.190294,-0.1695,0.3738,-0.3098,1.1070,-0.8563,1.4882,-2.0971,-0.8446,2.9100,
6.191628,-0.1695,0.3738,-0.3098,3.3789,-4.4417,2.1340,-2.0971,-0.8446,2.9100,
6.245738,-0.1550,0.5108,-0.4661,3.3789,-4.4417,2.1340,-2.0971,-0.8446,2.9100,
6.247204,-0.1802,0.6204,-0.3631,3.3789,-4.4417,2.1340,-2.0971,-0.8446,2.9100,
6.247892,-0.2549,0.6231,-0.2276,3.3789,-4.4417,2.1340,-2.0971,-0.8446,2.9100,
6.248536,-0.2549,0.6231,-0.2276,3.3789,-4.4417,2.1340,-2.7021,-0.9189,4.6942,
6.249523,-0.2549,0.6231,-0.2276,1.0872,-3.0649,-0.9827,-2.7021,-0.9189,4.6942,
6.303957,-0.2671,0.7186,-0.2395,1.0872,-3.0649,-0.9827,-2.7021,-0.9189,4.6942,
6.305435,-0.1983,1.0797,-0.3494,1.0872,-3.0649,-0.9827,-2.7021,-0.9189,4.6942,
6.306080,-0.1482,1.5443,-0.5057,1.0872,-3.0649,-0.9827,-2.7021,-0.9189,4.6942,
6.306755,-0.1482,1.5443,-0.5057,1.0872,-3.0649,-0.9827,-2.8000,-0.2065,6.1391,
6.308389,-0.1482,1.5443,-0.5057,-2.2572,1.3254,-2.6087,-2.8000,-0.2065,6.1391,
6.362601,-0.4988,1.8261,-0.6929,-2.2572,1.3254,-2.6087,-2.8000,-0.2065,6.1391,
6.364223,-0.9161,1.8754,-0.5679,-2.2572,1.3254,-2.6087,-2.8000,-0.2065,6.1391,
6.365184,-1.1498,1.4638,-0.3326,-2.2572,1.3254,-2.6087,-2.8000,-0.2065,6.1391,
6.365969,-1.1498,1.4638,-0.3326,-2.2572,1.3254,-2.6087,-2.8762,1.1933,5.7043,
6.366712,-1.1498,1.4638,-0.3326,-11.5648,7.7415,-5.8686,-2.8762,1.1933,5.7043,
6.421204,-1.2357,0.9667,-0.5323,-11.5648,7.7415,-5.8686,-2.8762,1.1933,5.7043,
6.423035,-1.2555,0.6502,-0.7110,-11.5648,7.7415,-5.8686,-2.8762,1.1933,5.7043,
6.424085,-1.3158,0.5289,-0.4942,-11.5648,7.7415,-5.8686,-2.8762,1.1933,5.7043,
6.425043,-1.3158,0.5289,-0.4942,-11.5648,7.7415,-5.8686,-0.9234,0.0228,1.3924,
6.425935,-1.3158,0.5289,-0.4942,-16.0807,-1.7547,-6.7081,-0.9234,0.0228,1.3924,
6.479485,-0.9566,1.1053,-0.7105,-16.0807,-1.7547,-6.7081,-0.9234,0.0228,1.3924,
6.481969,0.8661,1.9035,0.5508,-16.0807,-1.7547,-6.7081,-0.9234,0.0228,1.3924,
6.483247,2.8172,1.9878,0.7152,-16.0807,-1.7547,-6.7081,-0.9234,0.0228,1.3924,
6.484418,2.8172,1.9878,0.7152,-16.0807,-1.7547,-6.7081,-0.1519,-2.1168,-1.7222,
6.485827,2.8172,1.9878,0.7152,5.9473,7.1190,1.0957,-0.1519,-2.1168,-1.7222,
6.537512,0.4939,1.5385,-0.7581,5.9473,7.1190,1.0957,-0.1519,-2.1168,-1.7222,
6.540153,-1.2760,1.2111,-1.1920,5.9473,7.1190,1.0957,-0.1519,-2.1168,-1.7222,
6.540987,-0.8941,0.6590,0.5438,5.9473,7.1190,1.0957,-0.1519,-2.1168,-1.7222,
6.541709,-0.8941,0.6590,0.5438,5.9473,7.1190,1.0957,0.8126,-0.3453,-3.1751,
6.542541,-0.8941,0.6590,0.5438,-6.5904,1.4954,-4.7259,0.8126,-0.3453,-3.1751,
6.595775,-0.3025,0.7574,0.1648,-6.5904,1.4954,-4.7259,0.8126,-0.3453,-3.1751,
6.597183,-0.2476,1.0431,0.0525,-6.5904,1.4954,-4.7259,0.8126,-0.3453,-3.1751,
6.597692,-0.1968,1.1906,-0.1287,-6.5904,1.4954,-4.7259,0.8126,-0.3453,-3.1751,
6.598235,-0.1968,1.1906,-0.1287,-6.5904,1.4954,-4.7259,0.3445,-0.1773,-1.4243,
6.598759,-0.1968,1.1906,-0.1287,-2.7050,0.0704,0.3535,0.3445,-0.1773,-1.4243,
6.654167,-0.0615,1.1132,-0.1206,-2.7050,0.0704,0.3535,0.3445,-0.1773,-1.4243,
6.655464,0.1868,1.0548,-0.0637,-2.7050,0.0704,0.3535,0.3445,-0.1773,-1.4243,
6.656033,0.1358,1.0162,0.0657,-2.7050,0.0704,0.3535,0.3445,-0.1773,-1.4243,
6.656593,0.1358,1.0162,0.0657,-2.7050,0.0704,0.3535,0.2126,-0.0725,-0.8181,
6.657116,0.1358,1.0162,0.0657,1.0337,0.6896,-0.1997,0.2126,-0.0725,-0.8181,
6.712700,-0.0698,0.9957,0.1856,1.0337,0.6896,-0.1997,0.2126,-0.0725,-0.8181,
6.713672,0.0544,0.9298,0.2202,1.0337,0.6896,-0.1997,0.2126,-0.0725,-0.8181,
6.714317,0.1975,0.9303,0.1726,1.0337,0.6896,-0.1997,0.2126,-0.0725,-0.8181,
6.714857,0.1975,0.9303,0.1726,1.0337,0.6896,-0.1997,0.4268,-0.1521,-1.0252,
6.715303,0.1975,0.9303,0.1726,1.3360,-0.3416,2.2759,0.4268,-0.1521,-1.0252,
6.771345,0.0459,0.9435,0.0283,1.3360,-0.3416,2.2759,0.4268,-0.1521,-1.0252,
6.772751,-0.1257,0.9452,-0.0371,1.3360,-0.3416,2.2759,0.4268,-0.1521,-1.0252,
6.773617,-0.0923,0.9676,-0.0090,1.3360,-0.3416,2.2759,0.4268,-0.1521,-1.0252,
6.774263,-0.0923,0.9676,-0.0090,1.3360,-0.3416,2.2759,0.6288,0.2635,-1.4469,
6.774928,-0.0923,0.9676,-0.0090,0.9646,-0.2188,0.6881,0.6288,0.2635,-1.4469,
6.829359,-0.1008,1.0243,0.0073,0.9646,-0.2188,0.6881,0.6288,0.2635,-1.4469,
6.831394,-0.2212,1.0853,-0.0872,0.9646,-0.2188,0.6881,0.6288,0.2635,-1.4469,
6.832160,-0.2461,1.0577,-0.1724,0.9646,-0.2188,0.6881,0.6288,0.2635,-1.4469,
6.832897,-0.2461,1.0577,-0.1724,0.9646,-0.2188,0.6881,0.7397,0.3358,-1.5689,
6.833763,-0.2461,1.0577,-0.1724,0.5076,1.0008,0.3622,0.7397,0.3358,-1.5689,
6.887442,-0.1885,0.9498,-0.1841,0.5076,1.0008,0.3622,0.7397,0.3358,-1.5689,
6.888624,-0.1797,0.9364,-0.1482,0.5076,1.0008,0.3622,0.7397,0.3358,-1.5689,
6.889342,-0.1558,1.0282,-0.1250,0.5076,1.0008,0.3622,0.7397,0.3358,-1.5689,
6.889799,-0.1558,1.0282,-0.1250,0.5076,1.0008,0.3622,0.7662,0.3702,-1.6212,
6.890459,-0.1558,1.0282,-0.1250,1.4658,0.4932,0.1607,0.7662,0.3702,-1.6212,
6.947001,-0.1150,1.0812,-0.0994,1.4658,0.4932,0.1607,0.7662,0.3702,-1.6212,
6.948762,-0.1375,1.1632,-0.1294,1.4658,0.4932,0.1607,0.7662,0.3702,-1.6212,
6.951235,-0.0798,1.2543,-0.1555,1.4658,0.4932,0.1607,0.7662,0.3702,-1.6212,
6.952904,-0.0798,1.2543,-0.1555,1.4658,0.4932,0.1607,1.0291,0.0420,-1.9737,
6.955307,-0.0798,1.2543,-0.1555,3.0464,2.8929,0.9174,1.0291,0.0420,-1.9737,
7.004477,-0.0083,1.2875,-0.1846,3.0464,2.8929,0.9174,1.0291,0.0420,-1.9737,
7.006476,0.0212,1.4413,-0.1751,3.0464,2.8929,0.9174,1.0291,0.0420,-1.9737,
7.007451,0.3802,1.9213,0.0669,3.0464,2.8929,0.9174,1.0291,0.0420,-1.9737,
7.008318,0.3802,1.9213,0.0669,3.0464,2.8929,0.9174,1.3779,0.5425,-2.3479,
7.009262,0.3802,1.9213,0.0669,6.3395,7.3745,1.9854,1.3779,0.5425,-2.3479,
7.062259,1.0919,1.9914,-0.0295,6.3395,7.3745,1.9854,1.3779,0.5425,-2.3479,
7.063639,0.5040,1.3632,-0.1194,6.3395,7.3745,1.9854,1.3779,0.5425,-2.3479,
7.064227,-0.7977,0.8932,-0.2376,6.3395,7.3745,1.9854,1.3779,0.5425,-2.3479,
7.064772,-0.7977,0.8932,-0.2376,6.3395,7.3745,1.9854,1.4646,2.0556,-2.8645,
7.065342,-0.7977,0.8932,-0.2376,8.2950,7.1590,2.9104,1.4646,2.0556,-2.8645,
7.120826,-1.4652,1.1644,-0.3003,8.2950,7.1590,2.9104,1.4646,2.0556,-2.8645,
7.122105,-1.3129,1.1551,-0.3765,8.2950,7.1590,2.9104,1.4646,2.0556,-2.8645,
7.122711,-0.8216,0.6158,-0.2268,8.2950,7.1590,2.9104,1.4646,2.0556,-2.8645,
7.123313,-0.8216,0.6158,-0.2268,8.2950,7.1590,2.9104,1.6750,1.1330,-2.4657,
7.124650,-0.8216,0.6158,-0.2268,-5.4105,4.1216,2.1688,1.6750,1.1330,-2.4657,
7.179209,-0.6304,0.2893,-0.3348,-5.4105,4.1216,2.1688,1.6750,1.1330,-2.4657,
7.180477,-0.4769,0.2530,-0.3521,-5.4105,4.1216,2.1688,1.6750,1.1330,-2.4657,
7.181063,-0.2373,0.1091,0.0444,-5.4105,4.1216,2.1688,1.6750,1.1330,-2.4657,
7.181663,-0.2373,0.1091,0.0444,-5.4105,4.1216,2.1688,0.1234,-1.2502,0.9548,
7.183080,-0.2373,0.1091,0.0444,1.9734,-3.5968,2.5479,0.1234,-1.2502,0.9548,
7.237968,-0.2237,-0.0305,0.0144,1.9734,-3.5968,2.5479,0.1234,-1.2502,0.9548,
7.239238,-0.2449,0.0667,-0.2114,1.9734,-3.5968,2.5479,0.1234,-1.2502,0.9548,
7.239669,-0.2950,0.1870,-0.3323,1.9734,-3.5968,2.5479,0.1234,-1.2502,0.9548,
7.240226,-0.2950,0.1870,-0.3323,1.9734,-3.5968,2.5479,-0.0202,-2.2150,3.8212,
7.241099,-0.2950,0.1870,-0.3323,2.9425,-6.2267,2.0982,-0.0202,-2.2150,3.8212,
7.295912,-0.3543,0.2312,-0.3152,2.9425,-6.2267,2.0982,-0.0202,-2.2150,3.8212,
7.297840,-0.5235,0.2244,-0.2456,2.9425,-6.2267,2.0982,-0.0202,-2.2150,3.8212,
7.298622,-0.6903,0.3243,-0.4285,2.9425,-6.2267,2.0982,-0.0202,-2.2150,3.8212,
7.299440,-0.6903,0.3243,-0.4285,2.9425,-6.2267,2.0982,0.4247,-3.2386,6.2103,
7.300106,-0.6903,0.3243,-0.4285,-1.8196,-5.8228,-0.0449,0.4247,-3.2386,6.2103,
7.354203,-0.7579,0.6378,-0.4603,-1.8196,-5.8228,-0.0449,0.4247,-3.2386,6.2103,
7.355728,-0.8016,1.1180,-0.3687,-1.8196,-5.8228,-0.0449,0.4247,-3.2386,6.2103,
7.356464,-0.7896,1.3991,-0.4168,-1.8196,-5.8228,-0.0449,0.4247,-3.2386,6.2103,
7.357113,-0.7896,1.3991,-0.4168,-1.8196,-5.8228,-0.0449,1.3846,-7.4261,7.9472,
7.357781,-0.7896,1.3991,-0.4168,-7.0166,1.2785,-0.9477,1.3846,-7.4261,7.9472,
7.412378,-0.8658,1.7038,-0.3953,-7.0166,1.2785,-0.9477,1.3846,-7.4261,7.9472,
7.413733,-0.7843,1.5248,0.1563,-7.0166,1.2785,-0.9477,1.3846,-7.4261,7.9472,
7.414289,-0.3973,1.0655,0.3860,-7.0166,1.2785,-0.9477,1.3846,-7.4261,7.9472,
7.414837,-0.3973,1.0655,0.3860,-7.0166,1.2785,-0.9477,1.0812,-10.0286,5.6844,
7.415615,-0.3973,1.0655,0.3860,-6.8988,5.1242,4.1126,1.0812,-10.0286,5.6844,
7.470474,-0.6971,1.0919,-0.0215,-6.8988,5.1242,4.1126,1.0812,-10.0286,5.6844,
7.472414,-0.2107,1.0489,1.1403,-6.8988,5.1242,4.1126,1.0812,-10.0286,5.6844,
7.473153,0.9183,0.7283,1.1967,-6.8988,5.1242,4.1126,1.0812,-10.0286,5.6844,
7.473752,0.9183,0.7283,1.1967,-6.8988,5.1242,4.1126,-0.6223,-2.4429,0.4128,
7.474531,0.9183,0.7283,1.1967,0.1293,0.3476,10.7216,-0.6223,-2.4429,0.4128,
7.529477,0.2163,1.6188,0.4517,0.1293,0.3476,10.7216,-0.6223,-2.4429,0.4128,
7.530975,-0.2520,2.1819,-0.7386,0.1293,0.3476,10.7216,-0.6223,-2.4429,0.4128,
7.531793,0.0977,1.2990,-1.0023,0.1293,0.3476,10.7216,-0.6223,-2.4429,0.4128,
7.532533,0.0977,1.2990,-1.0023,0.6278,7.4213,-1.3219,-0.6223,-2.4429,0.4128,
7.533227,0.0977,1.2990,-1.0023,0.6278,7.4213,-1.3219,-0.5828,0.8335,-0.9100,
7.587626,0.1099,0.9874,-0.5994,0.6278,7.4213,-1.3219,-0.5828,0.8335,-0.9100,
7.589563,0.0930,0.8619,-0.1443,0.6278,7.4213,-1.3219,-0.5828,0.8335,-0.9100,
7.590584,-0.2915,0.8182,0.1536,0.6278,7.4213,-1.3219,-0.5828,0.8335,-0.9100,
7.591420,-0.2915,0.8182,0.1536,0.6278,7.4213,-1.3219,-0.4388,-1.5094,-0.5954,
7.592336,-0.2915,0.8182,0.1536,0.6838,-0.5615,0.6464,-0.4388,-1.5094,-0.5954,
7.645688,-0.3511,0.9945,0.1795,0.6838,-0.5615,0.6464,-0.4388,-1.5094,-0.5954,
7.647205,-0.2373,0.9686,-0.0881,0.6838,-0.5615,0.6464,-0.4388,-1.5094,-0.5954,
7.647747,-0.3140,0.9547,-0.3404,0.6838,-0.5615,0.6464,-0.4388,-1.5094,-0.5954,
7.648531,-0.3140,0.9547,-0.3404,-1.6941,0.2642,1.6695,-0.4388,-1.5094,-0.5954,
7.649463,-0.3140,0.9547,-0.3404,-1.6941,0.2642,1.6695,-0.0361,-0.6778,-0.2810,
7.703982,-0.3416,0.9544,-0.3782,-1.6941,0.2642,1.6695,-0.0361,-0.6778,-0.2810,
7.705463,-0.3120,0.9625,-0.3286,-1.6941,0.2642,1.6695,-0.0361,-0.6778,-0.2810,
7.706182,-0.2456,0.9767,-0.2561,-1.6941,0.2642,1.6695,-0.0361,-0.6778,-0.2810,
7.706888,-0.2456,0.9767,-0.2561,-1.6941,0.2642,1.6695,-0.0462,-0.7019,0.2757,
7.708429,-0.2456,0.9767,-0.2561,-1.7040,0.1560,-0.7268,-0.0462,-0.7019,0.2757,
7.762360,-0.0918,0.9554,-0.2183,-1.7040,0.1560,-0.7268,-0.0462,-0.7019,0.2757,
7.763596,0.0088,0.9437,-0.1948,-1.7040,0.1560,-0.7268,-0.0462,-0.7019,0.2757,
7.764368,0.0188,0.9723,-0.1653,-1.7040,0.1560,-0.7268,-0.0462,-0.7019,0.2757,
7.764973,0.0188,0.9723,-0.1653,-1.7040,0.1560,-0.7268,-0.0407,-0.8741,0.5072,
7.765597,0.0188,0.9723,-0.1653,0.8549,0.0427,0.4405,-0.0407,-0.8741,0.5072,
7.820547,-0.0066,0.9786,-0.1680,0.8549,0.0427,0.4405,-0.0407,-0.8741,0.5072,
7.821964,-0.0032,0.9852,-0.2007,0.8549,0.0427,0.4405,-0.0407,-0.8741,0.5072,
7.822530,-0.0146,0.9737,-0.1814,0.8549,0.0427,0.4405,-0.0407,-0.8741,0.5072,
7.823044,-0.0146,0.9737,-0.1814,0.8549,0.0427,0.4405,0.1932,-0.2280,0.2069,
7.823747,-0.0146,0.9737,-0.1814,0.8883,0.2686,0.6141,0.1932,-0.2280,0.2069,
7.879248,-0.0508,0.9642,-0.2017,0.8883,0.2686,0.6141,0.1932,-0.2280,0.2069,
7.881194,-0.0845,0.9703,-0.1829,0.8883,0.2686,0.6141,0.1932,-0.2280,0.2069,
7.881854,-0.0391,0.9601,-0.1516,0.8883,0.2686,0.6141,0.1932,-0.2280,0.2069,
7.882310,-0.0391,0.9601,-0.1516,0.8883,0.2686,0.6141,0.4353,-0.1610,0.0131,
7.882873,-0.0391,0.9601,-0.1516,0.4080,0.1884,0.8717,0.4353,-0.1610,0.0131,
7.937961,-0.0588,0.9464,-0.2593,0.4080,0.1884,0.8717,0.4353,-0.1610,0.0131,
7.939933,-0.1575,0.9564,-0.3606,0.4080,0.1884,0.8717,0.4353,-0.1610,0.0131,
7.940969,-0.2241,1.0231,-0.2779,0.4080,0.1884,0.8717,0.4353,-0.1610,0.0131,
7.941795,-0.2241,1.0231,-0.2779,0.4080,0.1884,0.8717,0.6369,0.0580,-0.0256,
7.942666,-0.2241,1.0231,-0.2779,-0.4498,0.3893,0.0357,0.6369,0.0580,-0.0256,
7.996055,-0.1873,1.0074,-0.2859,-0.4498,0.3893,0.0357,0.6369,0.0580,-0.0256,
7.997948,0.0159,1.0006,-0.2273,-0.4498,0.3893,0.0357,0.6369,0.0580,-0.0256,
7.998731,0.1414,1.0438,-0.2302,-0.4498,0.3893,0.0357,0.6369,0.0580,-0.0256,
7.999575,0.1414,1.0438,-0.2302,-0.4498,0.3893,0.0357,0.8599,0.1226,0.2199,
8.000258,0.1414,1.0438,-0.2302,0.7389,0.9337,0.9858,0.8599,0.1226,0.2199,
8.055547,0.1436,1.0934,-0.3470,0.7389,0.9337,0.9858,0.8599,0.1226,0.2199,
8.059509,0.0708,1.1239,-0.3111,0.7389,0.9337,0.9858,0.8599,0.1226,0.2199,
8.061664,0.1189,1.2614,-0.2420,0.7389,0.9337,0.9858,0.8599,0.1226,0.2199,
8.063846,0.1189,1.2614,-0.2420,1.9416,2.6300,1.2483,0.8599,0.1226,0.2199,
8.066037,0.1189,1.2614,-0.2420,1.9416,2.6300,1.2483,1.5441,-0.0735,-0.0623,
8.112208,0.3426,1.5588,-0.0022,1.9416,2.6300,1.2483,1.5441,-0.0735,-0.0623,
8.113559,0.5357,1.7990,0.1038,1.9416,2.6300,1.2483,1.5441,-0.0735,-0.0623,
8.114180,0.4173,1.7233,0.0947,1.9416,2.6300,1.2483,1.5441,-0.0735,-0.0623,
8.114776,0.4173,1.7233,0.0947,1.9416,2.6300,1.2483,2.5740,-1.4691,-0.3166,
8.115433,0.4173,1.7233,0.0947,5.5600,8.4611,5.8912,2.5740,-1.4691,-0.3166,
8.170594,0.0381,1.5605,0.3780,5.5600,8.4611,5.8912,2.5740,-1.4691,-0.3166,
8.171878,-0.4483,1.4113,0.3848,5.5600,8.4611,5.8912,2.5740,-1.4691,-0.3166,
8.172400,-1.0763,1.4191,0.2158,5.5600,8.4611,5.8912,2.5740,-1.4691,-0.3166,
8.172997,-1.0763,1.4191,0.2158,5.5600,8.4611,5.8912,2.7031,-1.9126,-0.9967,
8.173562,-1.0763,1.4191,0.2158,-2.3996,7.1064,9.2890,2.7031,-1.9126,-0.9967,
8.229075,-1.2177,1.3764,-0.1861,-2.3996,7.1064,9.2890,2.7031,-1.9126,-0.9967,
8.230490,-0.7616,1.0707,-0.4375,-2.3996,7.1064,9.2890,2.7031,-1.9126,-0.9967,
8.231132,-0.3853,1.0209,-0.4578,-2.3996,7.1064,9.2890,2.7031,-1.9126,-0.9967,
8.231652,-0.3853,1.0209,-0.4578,-2.3996,7.1064,9.2890,2.0609,-3.2639,-0.5595,
8.232273,-0.3853,1.0209,-0.4578,-3.7844,4.8619,2.7257,2.0609,-3.2639,-0.5595,
8.287312,-0.0884,0.8910,-0.2657,-3.7844,4.8619,2.7257,2.0609,-3.2639,-0.5595,
8.288619,-0.0625,0.5884,0.0388,-3.7844,4.8619,2.7257,2.0609,-3.2639,-0.5595,
8.289723,-0.3179,0.4561,0.0884,-3.7844,4.8619,2.7257,2.0609,-3.2639,-0.5595,
8.290366,-0.3179,0.4561,0.0884,-3.7844,4.8619,2.7257,0.2272,-3.1344,0.9754,
8.290871,-0.3179,0.4561,0.0884,3.0786,-0.3069,5.0078,0.2272,-3.1344,0.9754,
8.345589,-0.4712,0.4371,-0.0396,3.0786,-0.3069,5.0078,0.2272,-3.1344,0.9754,
8.346980,-0.4114,0.4727,-0.1201,3.0786,-0.3069,5.0078,0.2272,-3.1344,0.9754,
8.347479,-0.2456,0.4573,-0.1084,3.0786,-0.3069,5.0078,0.2272,-3.1344,0.9754,
8.347952,-0.2456,0.4573,-0.1084,3.0786,-0.3069,5.0078,-1.2908,-2.5273,2.8505,
8.349754,-0.2456,0.4573,-0.1084,0.4487,-3.2106,3.3214,-1.2908,-2.5273,2.8505,
8.403770,-0.1675,0.4405,-0.0554,0.4487,-3.2106,3.3214,-1.2908,-2.5273,2.8505,
8.405339,-0.2295,0.5274,-0.0903,0.4487,-3.2106,3.3214,-1.2908,-2.5273,2.8505,
8.406155,-0.3199,0.7357,-0.1297,0.4487,-3.2106,3.3214,-1.2908,-2.5273,2.8505,
8.407054,-0.3199,0.7357,-0.1297,0.4487,-3.2106,3.3214,-2.2845,-1.3771,4.7491,
8.407832,-0.3199,0.7357,-0.1297,-0.2428,-3.3992,1.8715,-2.2845,-1.3771,4.7491,
8.462663,-0.3069,0.9593,-0.1524,-0.2428,-3.3992,1.8715,-2.2845,-1.3771,4.7491,
8.464566,-0.2588,1.2325,-0.1846,-0.2428,-3.3992,1.8715,-2.2845,-1.3771,4.7491,
8.465825,-0.2195,1.5756,-0.2840,-0.2428,-3.3992,1.8715,-2.2845,-1.3771,4.7491,
8.466756,-0.2195,1.5756,-0.2840,-0.2428,-3.3992,1.8715,-3.0599,-1.0051,5.7357,
8.467821,-0.2195,1.5756,-0.2840,-3.4185,2.7480,-0.9545,-3.0599,-1.0051,5.7357,
8.520683,-0.5350,1.8395,-0.3833,-3.4185,2.7480,-0.9545,-3.0599,-1.0051,5.7357,
8.522482,-0.9320,1.6735,-0.3213,-3.4185,2.7480,-0.9545,-3.0599,-1.0051,5.7357,
8.523614,-1.1302,1.3544,-0.2237,-3.4185,2.7480,-0.9545,-3.0599,-1.0051,5.7357,
8.524501,-1.1302,1.3544,-0.2237,-3.4185,2.7480,-0.9545,-3.2331,-0.5602,5.2042,
8.525369,-1.1302,1.3544,-0.2237,-11.9557,6.8744,-3.5866,-3.2331,-0.5602,5.2042,
8.579868,-0.9073,1.0209,-0.3533,-11.9557,6.8744,-3.5866,-3.2331,-0.5602,5.2042,
8.582889,-0.9720,0.8451,-0.6483,-11.9557,6.8744,-3.5866,-3.2331,-0.5602,5.2042,
8.585076,-1.3466,0.5923,-0.6570,-11.9557,6.8744,-3.5866,-3.2331,-0.5602,5.2042,
8.587255,-1.3466,0.5923,-0.6570,-11.9557,6.8744,-3.5866,-1.5083,-0.6339,1.3684,
8.590370,-1.3466,0.5923,-0.6570,-14.5055,-0.6013,-6.4880,-1.5083,-0.6339,1.3684,
8.638789,-1.3449,0.5853,-0.7310,-14.5055,-0.6013,-6.4880,-1.5083,-0.6339,1.3684,
8.643667,-0.5269,1.4262,-0.7576,-14.5055,-0.6013,-6.4880,-1.5083,-0.6339,1.3684,
8.646225,1.8862,1.8576,0.4109,-14.5055,-0.6013,-6.4880,-1.5083,-0.6339,1.3684,
8.648607,1.8862,1.8576,0.4109,-14.5055,-0.6013,-6.4880,-0.2678,-3.6159,-1.8973,
8.651739,1.8862,1.8576,0.4109,-3.0611,3.5665,-3.8892,-0.2678,-3.6159,-1.8973,
8.698097,3.1739,1.5177,-0.2876,-3.0611,3.5665,-3.8892,-0.2678,-3.6159,-1.8973,
8.701219,0.6658,1.5265,-1.3913,-3.0611,3.5665,-3.8892,-0.2678,-3.6159,-1.8973,
8.702783,-1.0472,1.3060,-0.1660,-3.0611,3.5665,-3.8892,-0.2678,-3.6159,-1.8973,
8.704175,-1.0472,1.3060,-0.1660,-3.0611,3.5665,-3.8892,0.2382,-1.6821,-1.7251,
8.705236,-1.0472,1.3060,-0.1660,6.8068,4.7883,-5.8975,0.2382,-1.6821,-1.7251,
8.754097,-0.8709,0.5840,0.3660,6.8068,4.7883,-5.8975,0.2382,-1.6821,-1.7251,
8.755565,-0.3555,0.6932,0.5081,6.8068,4.7883,-5.8975,0.2382,-1.6821,-1.7251,
8.756201,-0.0803,0.9872,0.1765,6.8068,4.7883,-5.8975,0.2382,-1.6821,-1.7251,
8.757285,-0.0803,0.9872,0.1765,6.8068,4.7883,-5.8975,0.1281,-0.2284,-2.2362,
8.758014,-0.0803,0.9872,0.1765,-5.2478,-2.2077,3.6031,0.1281,-0.2284,-2.2362,
8.812566,0.0144,1.1468,-0.2312,-5.2478,-2.2077,3.6031,0.1281,-0.2284,-2.2362,
8.813708,-0.0305,1.1095,-0.2176,-5.2478,-2.2077,3.6031,0.1281,-0.2284,-2.2362,
8.814258,0.0466,1.0575,-0.1011,-5.2478,-2.2077,3.6031,0.1281,-0.2284,-2.2362,
8.814752,0.0466,1.0575,-0.1011,-0.2104,1.1584,-1.5020,0.1281,-0.2284,-2.2362,
8.815975,0.0466,1.0575,-0.1011,-0.2104,1.1584,-1.5020,0.1767,0.0727,-1.1865,
8.871028,0.0449,1.0348,0.0447,-0.2104,1.1584,-1.5020,0.1767,0.0727,-1.1865,
8.872224,-0.0625,0.9874,0.1214,-0.2104,1.1584,-1.5020,0.1767,0.0727,-1.1865,
8.872632,-0.1028,0.9718,0.0786,-0.2104,1.1584,-1.5020,0.1767,0.0727,-1.1865,
8.873118,-0.1028,0.9718,0.0786,-0.2104,1.1584,-1.5020,0.2384,-0.2197,-1.0995,
8.873656,-0.1028,0.9718,0.0786,-0.0773,0.1166,1.2064,0.2384,-0.2197,-1.0995,
8.929309,0.0288,0.9588,-0.0054,-0.0773,0.1166,1.2064,0.2384,-0.2197,-1.0995,
8.930413,0.0320,0.9356,-0.0315,-0.0773,0.1166,1.2064,0.2384,-0.2197,-1.0995,
8.931056,-0.0845,0.9725,-0.0125,-0.0773,0.1166,1.2064,0.2384,-0.2197,-1.0995,
8.931481,-0.0845,0.9725,-0.0125,-0.0773,0.1166,1.2064,0.3484,0.2490,-1.1739,
8.933097,-0.0845,0.9725,-0.0125,0.8763,-0.2396,0.4453,0.3484,0.2490,-1.1739,
8.987515,-0.1480,1.0209,-0.0269,0.8763,-0.2396,0.4453,0.3484,0.2490,-1.1739,
8.988417,-0.1716,1.0375,-0.0439,0.8763,-0.2396,0.4453,0.3484,0.2490,-1.1739,
8.989287,-0.2263,1.0199,-0.0984,0.8763,-0.2396,0.4453,0.3484,0.2490,-1.1739,
8.989882,-0.2263,1.0199,-0.0984,0.8763,-0.2396,0.4453,0.4097,0.3333,-1.2901,
8.990985,-0.2263,1.0199,-0.0984,-0.1233,0.5567,0.3024,0.4097,0.3333,-1.2901,
9.045451,-0.2403,0.9803,-0.1326,-0.1233,0.5567,0.3024,0.4097,0.3333,-1.2901,
9.046573,-0.2024,0.9525,-0.1177,-0.1233,0.5567,0.3024,0.4097,0.3333,-1.2901,
9.047259,-0.2134,0.9730,-0.1201,-0.1233,0.5567,0.3024,0.4097,0.3333,-1.2901,
9.047686,-0.2134,0.9730,-0.1201,-0.1233,0.5567,0.3024,0.3846,0.4113,-1.2054,
9.049097,-0.2134,0.9730,-0.1201,0.1534,0.1525,-0.0939,0.3846,0.4113,-1.2054,
9.103790,-0.2168,1.0421,-0.1187,0.1534,0.1525,-0.0939,0.3846,0.4113,-1.2054,
9.105065,-0.1167,1.0604,-0.0789,0.1534,0.1525,-0.0939,0.3846,0.4113,-1.2054,
9.105694,-0.0523,1.0978,-0.0523,0.1534,0.1525,-0.0939,0.3846,0.4113,-1.2054,
9.106203,-0.0523,1.0978,-0.0523,0.1534,0.1525,-0.0939,0.4471,0.4635,-1.2922,
9.107515,-0.0523,1.0978,-0.0523,1.6692,1.3232,0.6017,0.4471,0.4635,-1.2922,
9.162326,-0.0789,1.1967,-0.0493,1.6692,1.3232,0.6017,0.4471,0.4635,-1.2922,
9.163615,-0.0689,1.2809,-0.0454,1.6692,1.3232,0.6017,0.4471,0.4635,-1.2922,
9.164425,0.1126,1.3480,-0.0701,1.6692,1.3232,0.6017,0.4471,0.4635,-1.2922,
9.165155,0.1126,1.3480,-0.0701,1.6692,1.3232,0.6017,0.9320,0.0002,-1.7847,
9.165683,0.1126,1.3480,-0.0701,3.6818,3.7464,1.3389,0.9320,0.0002,-1.7847,
9.220495,0.2744,1.5128,0.0571,3.6818,3.7464,1.3389,0.9320,0.0002,-1.7847,
9.221842,0.5506,1.7643,0.1922,3.6818,3.7464,1.3389,0.9320,0.0002,-1.7847,
9.222484,0.7830,1.9394,0.0686,3.6818,3.7464,1.3389,0.9320,0.0002,-1.7847,
9.223049,0.7830,1.9394,0.0686,10.0217,8.9613,3.6730,0.9320,0.0002,-1.7847,
9.224116,0.7830,1.9394,0.0686,10.0217,8.9613,3.6730,1.4091,0.5101,-2.4832,
9.279069,0.9708,1.8483,0.0085,10.0217,8.9613,3.6730,1.4091,0.5101,-2.4832,
9.280752,0.2451,1.3073,-0.0703,10.0217,8.9613,3.6730,1.4091,0.5101,-2.4832,
9.281468,-0.8875,1.1468,-0.2730,10.0217,8.9613,3.6730,1.4091,0.5101,-2.4832,
9.282016,-0.8875,1.1468,-0.2730,10.0217,8.9613,3.6730,1.3604,2.4333,-3.4984,
9.282701,-0.8875,1.1468,-0.2730,6.7665,7.2031,2.8502,1.3604,2.4333,-3.4984,
9.337635,-1.2411,1.3947,-0.1494,6.7665,7.2031,2.8502,1.3604,2.4333,-3.4984,
9.339052,-0.8475,1.1210,-0.2742,6.7665,7.2031,2.8502,1.3604,2.4333,-3.4984,
9.339770,-0.6690,0.5770,-0.2735,6.7665,7.2031,2.8502,1.3604,2.4333,-3.4984,
9.340711,-0.6690,0.5770,-0.2735,6.7665,7.2031,2.8502,1.3808,1.5327,-2.5958,
9.341488,-0.6690,0.5770,-0.2735,-2.7202,4.4431,2.6550,1.3808,1.5327,-2.5958,
9.396163,-0.6861,0.4017,-0.4378,-2.7202,4.4431,2.6550,1.3808,1.5327,-2.5958,
9.397637,-0.4595,0.3416,-0.4795,-2.7202,4.4431,2.6550,1.3808,1.5327,-2.5958,
9.398192,-0.2635,0.2215,-0.1235,-2.7202,4.4431,2.6550,1.3808,1.5327,-2.5958,
9.398650,-0.2635,0.2215,-0.1235,-2.7202,4.4431,2.6550,-0.7257,-0.3294,0.3904,
9.399887,-0.2635,0.2215,-0.1235,1.6132,-2.8057,1.1472,-0.7257,-0.3294,0.3904,
9.453951,-0.1035,0.0637,-0.0466,1.6132,-2.8057,1.1472,-0.7257,-0.3294,0.3904,
9.455165,-0.0679,0.0603,-0.0896,1.6132,-2.8057,1.1472,-0.7257,-0.3294,0.3904,
9.455920,-0.1948,0.2368,-0.2437,1.6132,-2.8057,1.1472,-0.7257,-0.3294,0.3904,
9.456618,-0.1948,0.2368,-0.2437,1.6132,-2.8057,1.1472,-1.8937,-0.6489,3.0477,
9.457314,-0.1948,0.2368,-0.2437,3.9129,-6.1420,2.3100,-1.8937,-0.6489,3.0477,
9.512362,-0.1919,0.4637,-0.3428,3.9129,-6.1420,2.3100,-1.8937,-0.6489,3.0477,
9.513943,-0.0806,0.6241,-0.3098,3.9129,-6.1420,2.3100,-1.8937,-0.6489,3.0477,
9.514654,-0.1375,0.7008,-0.2176,3.9129,-6.1420,2.3100,-1.8937,-0.6489,3.0477,
9.515255,-0.1375,0.7008,-0.2176,3.9129,-6.1420,2.3100,-2.5724,-0.2496,4.8605,
9.515931,-0.1375,0.7008,-0.2176,1.4699,-3.0041,-0.5719,-2.5724,-0.2496,4.8605,
9.570669,-0.1951,0.8121,-0.1841,1.4699,-3.0041,-0.5719,-2.5724,-0.2496,4.8605,
9.572525,-0.2185,1.0633,-0.3057,1.4699,-3.0041,-0.5719,-2.5724,-0.2496,4.8605,
9.573178,-0.2925,1.5568,-0.5020,1.4699,-3.0041,-0.5719,-2.5724,-0.2496,4.8605,
9.573804,-0.2925,1.5568,-0.5020,1.4699,-3.0041,-0.5719,-2.8937,0.3000,5.9415,
9.574493,-0.2925,1.5568,-0.5020,-2.6979,1.6652,-2.4831,-2.8937,0.3000,5.9415,
9.628755,-0.5049,2.0388,-0.6973,-2.6979,1.6652,-2.4831,-2.8937,0.3000,5.9415,
9.631009,-1.0240,1.9548,-0.6148,-2.6979,1.6652,-2.4831,-2.8937,0.3000,5.9415,
9.632006,-1.2115,1.4110,-0.0264,-2.6979,1.6652,-2.4831,-2.8937,0.3000,5.9415,
9.632857,-1.2115,1.4110,-0.0264,-2.6979,1.6652,-2.4831,-3.0008,-0.3555,5.6001,
9.633675,-1.2115,1.4110,-0.0264,-12.1906,8.6033,-5.1111,-3.0008,-0.3555,5.6001,
9.687349,-1.1031,0.9557,-0.3904,-12.1906,8.6033,-5.1111,-3.0008,-0.3555,5.6001,
9.689096,-1.1000,0.8294,-0.5901,-12.1906,8.6033,-5.1111,-3.0008,-0.3555,5.6001,
9.690112,-1.0931,0.7420,-0.3174,-12.1906,8.6033,-5.1111,-3.0008,-0.3555,5.6001,
9.690879,-1.0931,0.7420,-0.3174,-12.1906,8.6033,-5.1111,-1.1228,-1.5825,1.5964,
9.693783,-1.0931,0.7420,-0.3174,-14.6723,-0.3871,-5.1085,-1.1228,-1.5825,1.5964,
9.745707,-0.9005,1.0533,-0.6202,-14.6723,-0.3871,-5.1085,-1.1228,-1.5825,1.5964,
9.747549,0.6231,1.8137,0.1743,-14.6723,-0.3871,-5.1085,-1.1228,-1.5825,1.5964,
9.748278,2.9380,1.8557,0.5750,-14.6723,-0.3871,-5.1085,-1.1228,-1.5825,1.5964,
9.749219,2.9380,1.8557,0.5750,-14.6723,-0.3871,-5.1085,-0.2368,-1.8143,-1.6782,
9.750007,2.9380,1.8557,0.5750,5.4753,6.3436,-0.1768,-0.2368,-1.8143,-1.6782,
9.804257,1.0560,1.3717,-0.6837,5.4753,6.3436,-0.1768,-0.2368,-1.8143,-1.6782,
9.805822,-1.1459,1.1266,-0.9623,5.4753,6.3436,-0.1768,-0.2368,-1.8143,-1.6782,
9.806602,-1.2201,0.7545,0.1931,5.4753,6.3436,-0.1768,-0.2368,-1.8143,-1.6782,
9.807394,-1.2201,0.7545,0.1931,5.4753,6.3436,-0.1768,0.7332,-0.1048,-3.2604,
9.808010,-1.2201,0.7545,0.1931,-5.6286,1.0630,-4.8320,0.7332,-0.1048,-3.2604,
9.863901,-0.3238,0.7952,0.4390,-5.6286,1.0630,-4.8320,0.7332,-0.1048,-3.2604,
9.865263,0.0210,1.0016,0.1453,-5.6286,1.0630,-4.8320,0.7332,-0.1048,-3.2604,
9.865889,0.1177,1.1105,-0.0095,-5.6286,1.0630,-4.8320,0.7332,-0.1048,-3.2604,
9.866273,0.1177,1.1105,-0.0095,-5.6286,1.0630,-4.8320,0.3280,-0.6664,-1.5673,
9.866872,0.1177,1.1105,-0.0095,-1.0551,-0.1460,1.9718,0.3280,-0.6664,-1.5673,
9.920813,-0.0479,1.0541,-0.0576,-1.0551,-0.1460,1.9718,0.3280,-0.6664,-1.5673,
9.922364,-0.0720,1.0001,-0.0708,-1.0551,-0.1460,1.9718,0.3280,-0.6664,-1.5673,
9.922904,-0.1250,0.9989,-0.0938,-1.0551,-0.1460,1.9718,0.3280,-0.6664,-1.5673,
9.923328,-0.1250,0.9989,-0.0938,-1.0551,-0.1460,1.9718,0.4337,0.0210,-1.3816,
9.924918,-0.1250,0.9989,-0.0938,-0.4662,0.3252,-0.3786,0.4337,0.0210,-1.3816,
9.979083,-0.1880,1.0282,-0.0166,-0.4662,0.3252,-0.3786,0.4337,0.0210,-1.3816,
9.980183,-0.1704,1.0047,0.0112,-0.4662,0.3252,-0.3786,0.4337,0.0210,-1.3816,
9.980715,-0.0754,0.9708,-0.0464,-0.4662,0.3252,-0.3786,0.4337,0.0210,-1.3816,
9.982369,-0.0754,0.9708,-0.0464,-0.4662,0.3252,-0.3786,0.3797,-0.3038,-1.1132,
9.983268,-0.0754,0.9708,-0.0464,-0.4428,0.2126,0.3722,0.3797,-0.3038,-1.1132,
10.037380,0.0471,0.9591,-0.0508,-0.4428,0.2126,0.3722,0.3797,-0.3038,-1.1132,
10.038546,0.0269,0.9796,-0.0066,-0.4428,0.2126,0.3722,0.3797,-0.3038,-1.1132,
10.039202,-0.1485,0.9796,-0.0315,-0.4428,0.2126,0.3722,0.3797,-0.3038,-1.1132,
10.040135,-0.1485,0.9796,-0.0315,-0.4428,0.2126,0.3722,0.3871,-0.0094,-1.2056,
10.040873,-0.1485,0.9796,-0.0315,1.3794,0.0396,0.4591,0.3871,-0.0094,-1.2056,
10.095715,-0.2627,0.9879,-0.0818,1.3794,0.0396,0.4591,0.3871,-0.0094,-1.2056,
10.096908,-0.2476,1.0003,-0.0999,1.3794,0.0396,0.4591,0.3871,-0.0094,-1.2056,
10.097322,-0.2241,0.9920,-0.0906,1.3794,0.0396,0.4591,0.3871,-0.0094,-1.2056,
10.097824,-0.2241,0.9920,-0.0906,1.3794,0.0396,0.4591,0.4742,0.2126,-1.3195,
10.099326,-0.2241,0.9920,-0.0906,-0.0619,0.4125,0.1434,0.4742,0.2126,-1.3195,
10.154202,-0.2188,0.9623,-0.0813,-0.0619,0.4125,0.1434,0.4742,0.2126,-1.3195,
10.155276,-0.2114,0.9566,-0.1082,-0.0619,0.4125,0.1434,0.4742,0.2126,-1.3195,
10.155683,-0.2197,0.9986,-0.1663,-0.0619,0.4125,0.1434,0.4742,0.2126,-1.3195,
10.156071,-0.2197,0.9986,-0.1663,-0.0619,0.4125,0.1434,0.5376,0.1031,-1.3425,
10.157298,-0.2197,0.9986,-0.1663,0.9123,0.4481,0.1720,0.5376,0.1031,-1.3425,
10.212069,-0.2283,1.0409,-0.2176,0.9123,0.4481,0.1720,0.5376,0.1031,-1.3425,
10.213173,-0.2014,1.0973,-0.2127,0.9123,0.4481,0.1720,0.5376,0.1031,-1.3425,
10.213741,-0.1467,1.2159,-0.1438,0.9123,0.4481,0.1720,0.5376,0.1031,-1.3425,
10.215149,-0.1467,1.2159,-0.1438,0.9123,0.4481,0.1720,0.6308,0.0173,-1.5632,
10.215996,-0.1467,1.2159,-0.1438,1.9301,2.2060,-0.2068,0.6308,0.0173,-1.5632,
10.270374,-0.0388,1.2313,-0.0903,1.9301,2.2060,-0.2068,0.6308,0.0173,-1.5632,
10.271605,0.0046,1.1598,-0.0928,1.9301,2.2060,-0.2068,0.6308,0.0173,-1.5632,
10.272149,0.0447,1.1840,-0.1641,1.9301,2.2060,-0.2068,0.6308,0.0173,-1.5632,
10.272649,0.0447,1.1840,-0.1641,1.9301,2.2060,-0.2068,0.9281,-0.1816,-2.0865,
10.274267,0.0447,1.1840,-0.1641,4.8142,3.4986,0.9287,0.9281,-0.1816,-2.0865,
10.329405,0.1414,1.4140,-0.2173,4.8142,3.4986,0.9287,0.9281,-0.1816,-2.0865,
10.330525,0.4603,1.8801,-0.1255,4.8142,3.4986,0.9287,0.9281,-0.1816,-2.0865,
10.331034,1.0902,1.9284,-0.1780,4.8142,3.4986,0.9287,0.9281,-0.1816,-2.0865,
10.331523,1.0902,1.9284,-0.1780,4.8142,3.4986,0.9287,0.9340,1.7736,-2.5039,
10.332738,1.0902,1.9284,-0.1780,10.9835,9.6199,1.3119,0.9340,1.7736,-2.5039,
10.387269,0.4583,1.2118,-0.1897,10.9835,9.6199,1.3119,0.9340,1.7736,-2.5039,
10.388442,-0.9474,0.8680,-0.2862,10.9835,9.6199,1.3119,0.9340,1.7736,-2.5039,
10.389095,-1.6664,1.2714,-0.3750,10.9835,9.6199,1.3119,0.9340,1.7736,-2.5039,
10.389661,-1.6664,1.2714,-0.3750,10.9835,9.6199,1.3119,1.5064,2.9882,-3.4255,
10.391574,-1.6664,1.2714,-0.3750,-0.8933,4.9292,1.8140,1.5064,2.9882,-3.4255,
10.445778,-1.3598,1.1862,-0.2932,-0.8933,4.9292,1.8140,1.5064,2.9882,-3.4255,
10.446966,-0.9503,0.5982,-0.2810,-0.8933,4.9292,1.8140,1.5064,2.9882,-3.4255,
10.447476,-0.8031,0.4212,-0.4436,-0.8933,4.9292,1.8140,1.5064,2.9882,-3.4255,
10.447996,-0.8031,0.4212,-0.4436,-0.8933,4.9292,1.8140,1.1557,-0.4987,-0.9212,
10.449500,-0.8031,0.4212,-0.4436,-3.5097,1.8165,1.4304,1.1557,-0.4987,-0.9212,
10.503848,-0.5235,0.3958,-0.3291,-3.5097,1.8165,1.4304,1.1557,-0.4987,-0.9212,
10.504873,-0.1262,0.1362,0.2227,-3.5097,1.8165,1.4304,1.1557,-0.4987,-0.9212,
10.505327,0.0921,-0.1087,0.2068,-3.5097,1.8165,1.4304,1.1557,-0.4987,-0.9212,
10.505990,0.0921,-0.1087,0.2068,-3.5097,1.8165,1.4304,-0.4398,-2.4198,2.1688,
10.506789,0.0921,-0.1087,0.2068,4.6197,-4.8654,3.9239,-0.4398,-2.4198,2.1688,
10.562297,-0.0652,-0.0293,0.0911,4.6197,-4.8654,3.9239,-0.4398,-2.4198,2.1688,
10.564096,-0.3528,0.3348,-0.1873,4.6197,-4.8654,3.9239,-0.4398,-2.4198,2.1688,
10.564825,-0.3250,0.5779,-0.3055,4.6197,-4.8654,3.9239,-0.4398,-2.4198,2.1688,
10.565479,-0.3250,0.5779,-0.3055,4.6197,-4.8654,3.9239,0.2543,-1.1026,4.3168,
10.566121,-0.3250,0.5779,-0.3055,2.4337,-4.6775,1.9754,0.2543,-1.1026,4.3168,
10.620558,-0.2622,0.5630,-0.0198,2.4337,-4.6775,1.9754,0.2543,-1.1026,4.3168,
10.621530,-0.4581,0.6768,-0.1196,2.4337,-4.6775,1.9754,0.2543,-1.1026,4.3168,
10.622230,-0.6668,0.9395,-0.3540,2.4337,-4.6775,1.9754,0.2543,-1.1026,4.3168,
10.622802,-0.6668,0.9395,-0.3540,2.4337,-4.6775,1.9754,0.2523,-1.8124,6.3356,
10.623332,-0.6668,0.9395,-0.3540,-2.3574,-1.6760,1.4008,0.2523,-1.8124,6.3356,
10.678876,-0.8448,1.2108,-0.2271,-2.3574,-1.6760,1.4008,0.2523,-1.8124,6.3356,
10.680382,-1.0182,1.3876,-0.3418,-2.3574,-1.6760,1.4008,0.2523,-1.8124,6.3356,
10.681042,-0.9767,1.5358,-0.4017,-2.3574,-1.6760,1.4008,0.2523,-1.8124,6.3356,
10.681731,-0.9767,1.5358,-0.4017,-2.3574,-1.6760,1.4008,0.4583,-6.5638,7.6078,
10.682304,-0.9767,1.5358,-0.4017,-9.8110,4.4093,-0.1290,0.4583,-6.5638,7.6078,
10.737536,-0.7071,1.6130,-0.2740,-9.8110,4.4093,-0.1290,0.4583,-6.5638,7.6078,
10.738981,-0.2762,1.5107,0.3196,-9.8110,4.4093,-0.1290,0.4583,-6.5638,7.6078,
10.739716,0.0547,1.2863,0.6375,-9.8110,4.4093,-0.1290,0.4583,-6.5638,7.6078,
10.740287,0.0547,1.2863,0.6375,-9.8110,4.4093,-0.1290,0.4476,-10.8728,5.9420,
10.741106,0.0547,1.2863,0.6375,-4.3485,5.7118,6.1571,0.4476,-10.8728,5.9420,
10.795907,0.2029,0.9891,0.6812,-4.3485,5.7118,6.1571,0.4476,-10.8728,5.9420,
10.797354,-0.4759,0.7811,0.1380,-4.3485,5.7118,6.1571,0.4476,-10.8728,5.9420,
10.798132,-1.6689,1.4081,-0.2063,-4.3485,5.7118,6.1571,0.4476,-10.8728,5.9420,
10.798955,-1.6689,1.4081,-0.2063,-4.3485,5.7118,6.1571,-0.4319,-2.7200,0.5516,
10.799885,-1.6689,1.4081,-0.2063,-7.1773,1.6085,5.8153,-0.4319,-2.7200,0.5516,
10.854058,-1.0687,1.2653,1.6103,-7.1773,1.6085,5.8153,-0.4319,-2.7200,0.5516,
10.855648,0.3489,0.6317,-0.0212,-7.1773,1.6085,5.8153,-0.4319,-2.7200,0.5516,
10.856611,0.4187,1.1058,-1.1075,-7.1773,1.6085,5.8153,-0.4319,-2.7200,0.5516,
10.857395,0.4187,1.1058,-1.1075,-7.1773,1.6085,5.8153,-0.7406,0.0204,-1.0922,
10.858034,0.4187,1.1058,-1.1075,-1.2297,0.8319,4.9264,-0.7406,0.0204,-1.0922,
10.912335,0.1714,1.7853,-1.0484,-1.2297,0.8319,4.9264,-0.7406,0.0204,-1.0922,
10.913842,0.1345,1.4381,-0.7017,-1.2297,0.8319,4.9264,-0.7406,0.0204,-1.0922,
10.914633,0.2539,0.8934,-0.3462,-1.2297,0.8319,4.9264,-0.7406,0.0204,-1.0922,
10.915335,0.2539,0.8934,-0.3462,-1.2297,0.8319,4.9264,-0.6178,-1.2645,-0.6239,
10.916049,0.2539,0.8934,-0.3462,2.1088,4.2838,-3.7630,-0.6178,-1.2645,-0.6239,
10.970942,-0.0474,0.7869,0.1204,2.1088,4.2838,-3.7630,-0.6178,-1.2645,-0.6239,
10.972323,-0.3511,0.8309,0.2686,2.1088,4.2838,-3.7630,-0.6178,-1.2645,-0.6239,
10.973014,-0.3724,0.9820,0.0840,2.1088,4.2838,-3.7630,-0.6178,-1.2645,-0.6239,
10.973691,-0.3724,0.9820,0.0840,2.1088,4.2838,-3.7630,-0.4123,-0.4571,-0.6996,
10.974367,-0.3724,0.9820,0.0840,-1.7533,-0.7099,4.3238,-0.4123,-0.4571,-0.6996,
11.029426,-0.4353,0.9881,-0.1953,-1.7533,-0.7099,4.3238,-0.4123,-0.4571,-0.6996,
11.030757,-0.3787,0.9667,-0.3562,-1.7533,-0.7099,4.3238,-0.4123,-0.4571,-0.6996,
11.031624,-0.1790,0.9825,-0.4248,-1.7533,-0.7099,4.3238,-0.4123,-0.4571,-0.6996,
11.032282,-0.1790,0.9825,-0.4248,-1.7533,-0.7099,4.3238,0.1289,-0.6607,0.0570,
11.032921,-0.1790,0.9825,-0.4248,-2.3626,0.4035,-0.3677,0.1289,-0.6607,0.0570,
11.088236,-0.0203,0.9798,-0.4258,-2.3626,0.4035,-0.3677,0.1289,-0.6607,0.0570,
11.089677,0.0098,0.9732,-0.3289,-2.3626,0.4035,-0.3677,0.1289,-0.6607,0.0570,
11.090097,-0.0669,0.9366,-0.2847,-2.3626,0.4035,-0.3677,0.1289,-0.6607,0.0570,
11.090693,-0.0669,0.9366,-0.2847,-2.3626,0.4035,-0.3677,0.0784,-0.7851,0.3659,
11.091270,-0.0669,0.9366,-0.2847,0.5522,0.2386,-0.5613,0.0784,-0.7851,0.3659,
11.145773,-0.0596,0.9251,-0.2498,0.5522,0.2386,-0.5613,0.0784,-0.7851,0.3659,
11.146740,-0.0808,0.9195,-0.2420,0.5522,0.2386,-0.5613,0.0784,-0.7851,0.3659,
11.147361,-0.1389,0.9549,-0.2083,0.5522,0.2386,-0.5613,0.0784,-0.7851,0.3659,
11.147896,-0.1389,0.9549,-0.2083,0.5522,0.2386,-0.5613,0.1372,-0.2545,0.1499,
11.148473,-0.1389,0.9549,-0.2083,-0.1431,-0.0391,0.5991,0.1372,-0.2545,0.1499,
11.203946,-0.1406,0.9542,-0.2718,-0.1431,-0.0391,0.5991,0.1372,-0.2545,0.1499,
11.205222,-0.1067,0.9603,-0.3096,-0.1431,-0.0391,0.5991,0.1372,-0.2545,0.1499,
11.205718,-0.1748,0.9496,-0.2754,-0.1431,-0.0391,0.5991,0.1372,-0.2545,0.1499,
11.206279,-0.1748,0.9496,-0.2754,-0.1431,-0.0391,0.5991,0.2606,-0.3810,0.1888,
11.206842,-0.1748,0.9496,-0.2754,-0.6344,0.2046,0.2063,0.2606,-0.3810,0.1888,
11.262345,-0.1614,0.9510,-0.2068,-0.6344,0.2046,0.2063,0.2606,-0.3810,0.1888,
11.263526,-0.0896,0.9337,-0.2376,-0.6344,0.2046,0.2063,0.2606,-0.3810,0.1888,
11.263955,-0.0391,0.9393,-0.2024,-0.6344,0.2046,0.2063,0.2606,-0.3810,0.1888,
11.264367,-0.0391,0.9393,-0.2024,-0.6344,0.2046,0.2063,0.4380,-0.4123,0.3777,
11.264952,-0.0391,0.9393,-0.2024,-0.3237,0.1360,1.0902,0.4380,-0.4123,0.3777,
11.320517,0.0552,0.9789,-0.1970,-0.3237,0.1360,1.0902,0.4380,-0.4123,0.3777,
11.321959,0.1209,0.9962,-0.2000,-0.3237,0.1360,1.0902,0.4380,-0.4123,0.3777,
11.322786,0.1536,1.0262,-0.1941,-0.3237,0.1360,1.0902,0.4380,-0.4123,0.3777,
11.323378,0.1536,1.0262,-0.1941,-0.3237,0.1360,1.0902,0.8686,-0.0617,0.2578,
11.324118,0.1536,1.0262,-0.1941,1.5502,0.8656,1.6975,0.8686,-0.0617,0.2578,
11.379300,0.2708,1.1107,-0.2156,1.5502,0.8656,1.6975,0.8686,-0.0617,0.2578,
11.380664,0.3216,1.2218,-0.2564,1.5502,0.8656,1.6975,0.8686,-0.0617,0.2578,
11.381324,0.2564,1.4462,-0.3050,1.5502,0.8656,1.6975,0.8686,-0.0617,0.2578,
11.381903,0.2564,1.4462,-0.3050,1.5502,0.8656,1.6975,1.5310,0.5292,-0.2659,
11.382453,0.2564,1.4462,-0.3050,3.2011,3.7093,1.8559,1.5310,0.5292,-0.2659,
11.437129,0.2520,1.6630,-0.0938,3.2011,3.7093,1.8559,1.5310,0.5292,-0.2659,
11.438285,0.1792,1.6049,0.0337,3.2011,3.7093,1.8559,1.5310,0.5292,-0.2659,
11.438990,-0.1143,1.4733,0.2056,3.2011,3.7093,1.8559,1.5310,0.5292,-0.2659,
11.439654,-0.1143,1.4733,0.2056,3.2011,3.7093,1.8559,2.3142,-0.4874,-0.5882,
11.440282,-0.1143,1.4733,0.2056,1.8624,7.4185,5.8716,2.3142,-0.4874,-0.5882,
11.495406,-0.6212,1.4113,0.2874,1.8624,7.4185,5.8716,2.3142,-0.4874,-0.5882,
11.496572,-0.9789,1.4735,0.0442,1.8624,7.4185,5.8716,2.3142,-0.4874,-0.5882,
11.497328,-0.8028,1.3952,-0.0896,1.8624,7.4185,5.8716,2.3142,-0.4874,-0.5882,
11.497942,-0.8028,1.3952,-0.0896,-5.3964,6.6573,6.7863,2.3142,-0.4874,-0.5882,
11.498665,-0.8028,1.3952,-0.0896,-5.3964,6.6573,6.7863,2.2844,-3.2671,-0.9385,
11.553900,-0.4334,1.2067,-0.4104,-5.3964,6.6573,6.7863,2.2844,-3.2671,-0.9385,
11.555125,-0.2564,1.1019,-0.4007,-5.3964,6.6573,6.7863,2.2844,-3.2671,-0.9385,
11.555716,-0.2298,0.8956,-0.1087,-5.3964,6.6573,6.7863,2.2844,-3.2671,-0.9385,
11.556179,-0.2298,0.8956,-0.1087,-5.3964,6.6573,6.7863,1.5367,-4.2854,-0.2429,
11.556770,-0.2298,0.8956,-0.1087,1.0272,3.6586,2.7542,1.5367,-4.2854,-0.2429,
11.612402,-0.3282,0.5867,0.1323,1.0272,3.6586,2.7542,1.5367,-4.2854,-0.2429,
11.613618,-0.4944,0.4932,0.1106,1.0272,3.6586,2.7542,1.5367,-4.2854,-0.2429,
11.614177,-0.4173,0.5044,0.0510,1.0272,3.6586,2.7542,1.5367,-4.2854,-0.2429,
11.614773,-0.4173,0.5044,0.0510,1.0272,3.6586,2.7542,0.4084,-4.8275,1.2572,
11.615375,-0.4173,0.5044,0.0510,0.9410,-1.8135,5.4949,0.4084,-4.8275,1.2572,
11.670510,-0.2425,0.4861,0.1262,0.9410,-1.8135,5.4949,0.4084,-4.8275,1.2572,
11.672019,-0.2439,0.5215,0.1055,0.9410,-1.8135,5.4949,0.4084,-4.8275,1.2572,
11.672535,-0.2796,0.7071,0.0559,0.9410,-1.8135,5.4949,0.4084,-4.8275,1.2572,
11.673064,-0.2796,0.7071,0.0559,0.9410,-1.8135,5.4949,-0.0519,-3.7841,3.2199,
11.673873,-0.2796,0.7071,0.0559,1.9389,-2.2660,4.3020,-0.0519,-3.7841,3.2199,
11.729117,-0.1973,0.8639,0.0811,1.9389,-2.2660,4.3020,-0.0519,-3.7841,3.2199,
11.731960,-0.1917,0.9247,0.0938,1.9389,-2.2660,4.3020,-0.0519,-3.7841,3.2199,
11.732663,-0.2632,0.9803,0.0557,1.9389,-2.2660,4.3020,-0.0519,-3.7841,3.2199,
11.733337,-0.2632,0.9803,0.0557,1.9389,-2.2660,4.3020,-0.4602,-1.6882,4.2704,
11.734037,-0.2632,0.9803,0.0557,0.5151,0.1943,3.4527,-0.4602,-1.6882,4.2704,
11.787611,-0.2632,0.9803,0.0557,-3.5998,1.6863,1.6980,-0.4602,-1.6882,4.2704,
11.789241,-0.3218,1.0519,0.0337,-3.5998,1.6863,1.6980,-0.4602,-1.6882,4.2704,
11.789988,-0.3985,1.1432,-0.0032,-3.5998,1.6863,1.6980,-0.4602,-1.6882,4.2704,
11.790600,-0.4605,1.2260,-0.0393,-3.5998,1.6863,1.6980,-0.4602,-1.6882,4.2704,
11.792158,-0.4605,1.2260,-0.0393,-3.5998,1.6863,1.6980,-1.5765,-1.0091,4.8139,
11.845677,-0.4351,1.3261,0.0203,-3.5998,1.6863,1.6980,-1.5765,-1.0091,4.8139,
11.847136,-0.4165,1.4557,-0.0625,-3.5998,1.6863,1.6980,-1.5765,-1.0091,4.8139,
11.847852,-0.2703,1.4074,-0.0496,-3.5998,1.6863,1.6980,-1.5765,-1.0091,4.8139,
11.849557,-0.2703,1.4074,-0.0496,-6.2110,4.3398,0.0164,-1.5765,-1.0091,4.8139,
11.850714,-0.2703,1.4074,-0.0496,-6.2110,4.3398,0.0164,-2.6068,-0.5266,5.3299,
11.903805,-0.3753,1.4552,-0.2027,-6.2110,4.3398,0.0164,-2.6068,-0.5266,5.3299,
11.905949,-0.9232,1.3888,-0.6214,-6.2110,4.3398,0.0164,-2.6068,-0.5266,5.3299,
11.906751,-1.3690,0.8927,-0.7345,-6.2110,4.3398,0.0164,-2.6068,-0.5266,5.3299,
11.907473,-1.3690,0.8927,-0.7345,-6.2110,4.3398,0.0164,-2.0356,2.3403,2.7424,
11.908185,-1.3690,0.8927,-0.7345,-12.4239,3.3746,-6.2261,-2.0356,2.3403,2.7424,
11.962627,-1.5028,0.4295,-0.7869,-12.4239,3.3746,-6.2261,-2.0356,2.3403,2.7424,
11.964334,-1.5353,0.4261,-1.0821,-12.4239,3.3746,-6.2261,-2.0356,2.3403,2.7424,
11.965271,-1.0267,1.3297,-1.3124,-12.4239,3.3746,-6.2261,-2.0356,2.3403,2.7424,
11.966084,-1.0267,1.3297,-1.3124,-12.4239,3.3746,-6.2261,0.0334,0.3582,-1.5728,
11.966738,-1.0267,1.3297,-1.3124,-15.8692,-1.9633,-11.3948,0.0334,0.3582,-1.5728,
12.020977,1.5221,2.0847,0.9193,-15.8692,-1.9633,-11.3948,0.0334,0.3582,-1.5728,
12.022663,2.9444,1.9824,-0.0012,-15.8692,-1.9633,-11.3948,0.0334,0.3582,-1.5728,
12.023408,0.3804,1.5392,-1.2203,-15.8692,-1.9633,-11.3948,0.0334,0.3582,-1.5728,
12.024212,0.3804,1.5392,-1.2203,-15.8692,-1.9633,-11.3948,-0.2191,-4.8774,-0.7688,
12.025182,0.3804,1.5392,-1.2203,13.2271,8.9587,-1.3925,-0.2191,-4.8774,-0.7688,
12.079299,-0.7569,1.0118,-0.2281,13.2271,8.9587,-1.3925,-0.2191,-4.8774,-0.7688,
12.080755,-0.3533,0.3692,0.6028,13.2271,8.9587,-1.3925,-0.2191,-4.8774,-0.7688,
12.081463,-0.5655,0.8646,0.0715,13.2271,8.9587,-1.3925,-0.2191,-4.8774,-0.7688,
12.082040,-0.5655,0.8646,0.0715,13.2271,8.9587,-1.3925,0.3934,0.9835,-3.2518,
12.082653,-0.5655,0.8646,0.0715,-6.1497,-2.3108,1.1998,0.3934,0.9835,-3.2518,
12.137156,-0.6089,1.2047,0.0200,-6.1497,-2.3108,1.1998,0.3934,0.9835,-3.2518,
12.138922,-0.2337,1.0797,-0.0606,-6.1497,-2.3108,1.1998,0.3934,0.9835,-3.2518,
12.139650,0.0066,1.0631,0.0435,-6.1497,-2.3108,1.1998,0.3934,0.9835,-3.2518,
12.140231,0.0066,1.0631,0.0435,-6.1497,-2.3108,1.1998,0.3099,0.1128,-1.3170,
12.140704,0.0066,1.0631,0.0435,-2.6182,1.2413,-0.0771,0.3099,0.1128,-1.3170,
12.196250,0.2083,1.0760,-0.0149,-2.6182,1.2413,-0.0771,0.3099,0.1128,-1.3170,
12.197561,0.0693,0.9852,0.0601,-2.6182,1.2413,-0.0771,0.3099,0.1128,-1.3170,
12.197989,-0.2664,0.9593,0.1109,-2.6182,1.2413,-0.0771,0.3099,0.1128,-1.3170,
12.199508,-0.2664,0.9593,0.1109,-2.6182,1.2413,-0.0771,0.3213,-0.0765,-1.1109,
12.200334,-0.2664,0.9593,0.1109,0.7641,0.1977,0.5919,0.3213,-0.0765,-1.1109,
12.253834,-0.2893,0.9571,0.0786,0.7641,0.1977,0.5919,0.3213,-0.0765,-1.1109,
12.255061,-0.1238,0.9627,0.0073,0.7641,0.1977,0.5919,0.3213,-0.0765,-1.1109,
12.255496,-0.0847,0.9938,0.0103,0.7641,0.1977,0.5919,0.3213,-0.0765,-1.1109,
12.256724,-0.0847,0.9938,0.0103,0.7641,0.1977,0.5919,0.3529,0.1271,-0.9495,
12.257393,-0.0847,0.9938,0.0103,-0.3601,-0.0913,0.5929,0.3529,0.1271,-0.9495,
12.312118,-0.1922,1.0597,-0.0012,-0.3601,-0.0913,0.5929,0.3529,0.1271,-0.9495,
12.313112,-0.0278,1.0506,-0.0295,-0.3601,-0.0913,0.5929,0.3529,0.1271,-0.9495,
12.313793,0.0171,1.0572,-0.0266,-0.3601,-0.0913,0.5929,0.3529,0.1271,-0.9495,
12.314588,0.0171,1.0572,-0.0266,-0.3601,-0.0913,0.5929,0.3911,0.0163,-0.9527,
12.319570,0.0171,1.0572,-0.0266,1.1157,0.8184,0.3053,0.3911,0.0163,-0.9527,
12.370644,-0.0337,1.0460,0.0217,1.1157,0.8184,0.3053,0.3911,0.0163,-0.9527,
12.372195,-0.0930,0.9911,0.0454,1.1157,0.8184,0.3053,0.3911,0.0163,-0.9527,
12.372765,-0.1968,0.9715,0.0146,1.1157,0.8184,0.3053,0.3911,0.0163,-0.9527,
12.376127,-0.1968,0.9715,0.0146,1.1157,0.8184,0.3053,0.5459,0.3672,-1.3940,
12.377072,-0.1968,0.9715,0.0146,1.4500,0.4875,1.0892,0.5459,0.3672,-1.3940,
12.429087,-0.2009,0.9774,-0.0222,1.4500,0.4875,1.0892,0.5459,0.3672,-1.3940,
12.430324,-0.1467,0.9879,-0.0698,1.4500,0.4875,1.0892,0.5459,0.3672,-1.3940,
12.430795,-0.1939,1.0174,-0.1165,1.4500,0.4875,1.0892,0.5459,0.3672,-1.3940,
12.431499,-0.1939,1.0174,-0.1165,1.4500,0.4875,1.0892,0.6347,0.6306,-1.7045,
12.432142,-0.1939,1.0174,-0.1165,1.5850,0.7224,0.5800,0.6347,0.6306,-1.7045,
12.487203,-0.2537,1.0980,-0.1590,1.5850,0.7224,0.5800,0.6347,0.6306,-1.7045,
12.488481,-0.1824,1.1586,-0.1936,1.5850,0.7224,0.5800,0.6347,0.6306,-1.7045,
12.489216,-0.0903,1.2216,-0.1668,1.5850,0.7224,0.5800,0.6347,0.6306,-1.7045,
12.489728,-0.0903,1.2216,-0.1668,1.5850,0.7224,0.5800,0.8650,-0.0187,-1.9796,
12.490274,-0.0903,1.2216,-0.1668,2.6061,2.8143,-0.0004,0.8650,-0.0187,-1.9796,
12.545489,0.0432,1.3432,-0.1099,2.6061,2.8143,-0.0004,0.8650,-0.0187,-1.9796,
12.546933,0.2666,1.7148,0.1311,2.6061,2.8143,-0.0004,0.8650,-0.0187,-1.9796,
12.547659,0.9486,2.1982,0.2095,2.6061,2.8143,-0.0004,0.8650,-0.0187,-1.9796,
12.548534,0.9486,2.1982,0.2095,2.6061,2.8143,-0.0004,1.0364,0.3162,-2.2706,
12.549368,0.9486,2.1982,0.2095,9.3250,9.2301,2.9850,1.0364,0.3162,-2.2706,
12.604186,1.4323,2.0254,-0.0249,9.3250,9.2301,2.9850,1.0364,0.3162,-2.2706,
12.605443,0.5074,1.1593,-0.1934,9.3250,9.2301,2.9850,1.0364,0.3162,-2.2706,
12.605932,-0.8214,0.9908,-0.4432,9.3250,9.2301,2.9850,1.0364,0.3162,-2.2706,
12.606438,-0.8214,0.9908,-0.4432,9.3250,9.2301,2.9850,1.0171,3.0470,-3.4547,
12.607023,-0.8214,0.9908,-0.4432,9.6418,6.9122,1.5096,1.0171,3.0470,-3.4547,
12.662427,-1.3244,1.3803,-0.3821,9.6418,6.9122,1.5096,1.0171,3.0470,-3.4547,
12.663721,-0.9386,1.2360,-0.3230,9.6418,6.9122,1.5096,1.0171,3.0470,-3.4547,
12.664358,-0.7733,0.6990,-0.3775,9.6418,6.9122,1.5096,1.0171,3.0470,-3.4547,
12.665130,-0.7733,0.6990,-0.3775,9.6418,6.9122,1.5096,1.0049,2.6052,-2.9264,
12.665749,-0.7733,0.6990,-0.3775,-3.4876,5.3274,1.4105,1.0049,2.6052,-2.9264,
12.720562,-0.7669,0.4952,-0.6927,-3.4876,5.3274,1.4105,1.0049,2.6052,-2.9264,
12.721788,-0.4854,0.3680,-0.5818,-3.4876,5.3274,1.4105,1.0049,2.6052,-2.9264,
12.722351,-0.2400,0.1787,-0.0906,-3.4876,5.3274,1.4105,1.0049,2.6052,-2.9264,
12.723702,-0.2400,0.1787,-0.0906,1.2608,-2.5749,0.2197,1.0049,2.6052,-2.9264,
12.724555,-0.2400,0.1787,-0.0906,1.2608,-2.5749,0.2197,-1.3201,0.4618,0.3944,
12.779200,-0.0706,0.0459,-0.1367,1.2608,-2.5749,0.2197,-1.3201,0.4618,0.3944,
12.780705,-0.0264,0.1038,-0.1008,1.2608,-2.5749,0.2197,-1.3201,0.4618,0.3944,
12.781281,-0.1438,0.2810,-0.2090,1.2608,-2.5749,0.2197,-1.3201,0.4618,0.3944,
12.782126,-0.1438,0.2810,-0.2090,1.2608,-2.5749,0.2197,-2.4282,-0.4642,3.2274,
12.783009,-0.1438,0.2810,-0.2090,4.0989,-6.1049,2.0752,-2.4282,-0.4642,3.2274,
12.837365,-0.1770,0.4837,-0.3533,4.0989,-6.1049,2.0752,-2.4282,-0.4642,3.2274,
12.838748,-0.1277,0.6002,-0.3706,4.0989,-6.1049,2.0752,-2.4282,-0.4642,3.2274,
12.839687,-0.1243,0.6754,-0.1016,4.0989,-6.1049,2.0752,-2.4282,-0.4642,3.2274,
12.840342,-0.1243,0.6754,-0.1016,4.0989,-6.1049,2.0752,-2.9401,0.0532,4.9513,
12.840969,-0.1243,0.6754,-0.1016,1.0422,-3.2689,-0.5797,-2.9401,0.0532,4.9513,
12.895692,-0.1736,0.8482,-0.2449,1.0422,-3.2689,-0.5797,-2.9401,0.0532,4.9513,
12.897026,-0.3264,1.2653,-0.4529,1.0422,-3.2689,-0.5797,-2.9401,0.0532,4.9513,
12.897913,-0.4029,1.8012,-0.4485,1.0422,-3.2689,-0.5797,-2.9401,0.0532,4.9513,
12.899278,-0.4029,1.8012,-0.4485,1.0422,-3.2689,-0.5797,-3.1413,0.7907,5.8766,
12.900289,-0.4029,1.8012,-0.4485,-3.7162,3.2016,-3.2646,-3.1413,0.7907,5.8766,
12.954024,-0.6744,2.0886,-0.5206,-3.7162,3.2016,-3.2646,-3.1413,0.7907,5.8766,
12.955446,-0.9984,1.8225,-0.3728,-3.7162,3.2016,-3.2646,-3.1413,0.7907,5.8766,
12.956110,-0.7933,1.1864,-0.0830,-3.7162,3.2016,-3.2646,-3.1413,0.7907,5.8766,
12.956704,-0.7933,1.1864,-0.0830,-3.7162,3.2016,-3.2646,-3.2128,0.1774,5.3612,
12.958053,-0.7933,1.1864,-0.0830,-11.5371,7.7138,-4.3918,-3.2128,0.1774,5.3612,
13.012472,-0.6390,0.9720,-0.3797,-11.5371,7.7138,-4.3918,-3.2128,0.1774,5.3612,
13.014669,-0.8248,0.8231,-0.5352,-11.5371,7.7138,-4.3918,-3.2128,0.1774,5.3612,
13.016388,-1.0055,0.5989,-0.3560,-11.5371,7.7138,-4.3918,-3.2128,0.1774,5.3612,
13.017734,-1.0055,0.5989,-0.3560,-12.0594,-0.7165,-5.7108,-3.2128,0.1774,5.3612,
13.018998,-1.0055,0.5989,-0.3560,-12.0594,-0.7165,-5.7108,-1.1776,-0.6072,1.2920,
13.070898,-1.0543,0.7677,-0.4639,-12.0594,-0.7165,-5.7108,-1.1776,-0.6072,1.2920,
13.072521,-0.4200,1.5019,-0.5391,-12.0594,-0.7165,-5.7108,-1.1776,-0.6072,1.2920,
13.073342,1.8027,1.7585,0.5013,-12.0594,-0.7165,-5.7108,-1.1776,-0.6072,1.2920,
13.074169,1.8027,1.7585,0.5013,-12.0594,-0.7165,-5.7108,-0.0371,-2.9004,-2.0981,
13.074869,1.8027,1.7585,0.5013,-2.0334,4.1175,-2.5532,-0.0371,-2.9004,-2.0981,
13.129239,2.9874,1.3939,-0.0332,-2.0334,4.1175,-2.5532,-0.0371,-2.9004,-2.0981,
13.130900,0.2183,1.4669,-0.6947,-2.0334,4.1175,-2.5532,-0.0371,-2.9004,-2.0981,
13.131751,-1.3309,1.3041,-0.6331,-2.0334,4.1175,-2.5532,-0.0371,-2.9004,-2.0981,
13.132568,-1.3309,1.3041,-0.6331,-2.0334,4.1175,-2.5532,0.3987,-1.1893,-2.3052,
13.133365,-1.3309,1.3041,-0.6331,4.1365,4.1398,-4.8764,0.3987,-1.1893,-2.3052,
13.187105,-0.7957,0.7261,0.2425,4.1365,4.1398,-4.8764,0.3987,-1.1893,-2.3052,
13.188292,-0.2092,0.7491,0.3809,4.1365,4.1398,-4.8764,0.3987,-1.1893,-2.3052,
13.189055,-0.1712,0.9872,0.1619,4.1365,4.1398,-4.8764,0.3987,-1.1893,-2.3052,
13.189610,-0.1712,0.9872,0.1619,4.1365,4.1398,-4.8764,0.1857,-0.0197,-2.1730,
13.190081,-0.1712,0.9872,0.1619,-4.5410,-1.5748,2.2091,0.1857,-0.0197,-2.1730,
13.245489,-0.0903,1.1547,0.0171,-4.5410,-1.5748,2.2091,0.1857,-0.0197,-2.1730,
13.246770,-0.0225,1.0756,0.0134,-4.5410,-1.5748,2.2091,0.1857,-0.0197,-2.1730,
13.247416,0.1763,1.0421,0.0090,-4.5410,-1.5748,2.2091,0.1857,-0.0197,-2.1730,
13.247895,0.1763,1.0421,0.0090,-4.5410,-1.5748,2.2091,0.2804,-0.0505,-1.2274,
13.248401,0.1763,1.0421,0.0090,0.1946,1.0236,-0.0672,0.2804,-0.0505,-1.2274,
13.305184,0.1353,1.0294,0.0107,0.1946,1.0236,-0.0672,0.2804,-0.0505,-1.2274,
13.306118,-0.2852,0.9994,0.0410,0.1946,1.0236,-0.0672,0.2804,-0.0505,-1.2274,
13.306716,-0.3787,0.9825,0.0256,0.1946,1.0236,-0.0672,0.2804,-0.0505,-1.2274,
13.307205,-0.3787,0.9825,0.0256,-1.0288,0.1897,0.2526,0.2804,-0.0505,-1.2274,
13.307706,-0.3787,0.9825,0.0256,-1.0288,0.1897,0.2526,0.3527,0.0686,-1.2305,
13.362549,-0.0554,0.9781,0.0029,-1.0288,0.1897,0.2526,0.3527,0.0686,-1.2305,
13.363494,0.0864,0.9781,-0.0002,-1.0288,0.1897,0.2526,0.3527,0.0686,-1.2305,
13.364114,-0.0259,1.0101,0.0593,-1.0288,0.1897,0.2526,0.3527,0.0686,-1.2305,
13.364612,-0.0259,1.0101,0.0593,-1.0288,0.1897,0.2526,0.2987,0.0882,-0.9010,
13.365074,-0.0259,1.0101,0.0593,1.1999,0.0929,0.3688,0.2987,0.0882,-0.9010,
13.420826,-0.1091,1.0108,0.0352,1.1999,0.0929,0.3688,0.2987,0.0882,-0.9010,
13.421775,-0.1502,0.9969,-0.0044,1.1999,0.0929,0.3688,0.2987,0.0882,-0.9010,
13.422447,-0.1817,1.0060,-0.0083,1.1999,0.0929,0.3688,0.2987,0.0882,-0.9010,
13.422927,-0.1817,1.0060,-0.0083,1.1999,0.0929,0.3688,0.3724,0.3083,-1.1250,
13.423488,-0.1817,1.0060,-0.0083,0.3579,0.3459,0.4665,0.3724,0.3083,-1.1250,
13.479188,-0.1477,1.0018,-0.0103,0.3579,0.3459,0.4665,0.3724,0.3083,-1.1250,
13.480472,-0.1011,0.9911,-0.0391,0.3579,0.3459,0.4665,0.3724,0.3083,-1.1250,
13.480882,-0.0801,0.9593,-0.0496,0.3579,0.3459,0.4665,0.3724,0.3083,-1.1250,
13.481296,-0.0801,0.9593,-0.0496,0.3579,0.3459,0.4665,0.4439,0.3002,-1.2075,
13.481859,-0.0801,0.9593,-0.0496,1.3552,0.3034,0.3452,0.4439,0.3002,-1.2075,
13.537022,-0.1536,0.9317,-0.0720,1.3552,0.3034,0.3452,0.4439,0.3002,-1.2075,
13.538170,-0.2810,0.9569,-0.1013,1.3552,0.3034,0.3452,0.4439,0.3002,-1.2075,
13.538790,-0.3045,1.0387,-0.1240,1.3552,0.3034,0.3452,0.4439,0.3002,-1.2075,
13.539984,-0.3045,1.0387,-0.1240,1.3552,0.3034,0.3452,0.5139,0.4313,-1.5679,
13.541443,-0.3045,1.0387,-0.1240,0.8221,0.4989,0.0438,0.5139,0.4313,-1.5679,
13.595573,-0.2515,1.1134,-0.1155,0.8221,0.4989,0.0438,0.5139,0.4313,-1.5679,
13.597013,-0.1533,1.1400,-0.0881,0.8221,0.4989,0.0438,0.5139,0.4313,-1.5679,
13.597606,-0.0513,1.1420,-0.0669,0.8221,0.4989,0.0438,0.5139,0.4313,-1.5679,
13.599513,-0.0513,1.1420,-0.0669,0.8221,0.4989,0.0438,0.6980,-0.2231,-1.6978,
13.600605,-0.0513,1.1420,-0.0669,2.5972,2.4003,0.4343,0.6980,-0.2231,-1.6978,
13.653614,0.0024,1.1696,-0.1011,2.5972,2.4003,0.4343,0.6980,-0.2231,-1.6978,
13.654752,-0.0200,1.3026,-0.1387,2.5972,2.4003,0.4343,0.6980,-0.2231,-1.6978,
13.655388,0.0994,1.6374,-0.1279,2.5972,2.4003,0.4343,0.6980,-0.2231,-1.6978,
13.655899,0.0994,1.6374,-0.1279,2.5972,2.4003,0.4343,0.7738,0.7300,-2.2744,
13.656444,0.0994,1.6374,-0.1279,5.3035,5.3277,0.6836,0.7738,0.7300,-2.2744,
13.712039,0.6075,1.8864,-0.1162,5.3035,5.3277,0.6836,0.7738,0.7300,-2.2744,
13.713313,1.0126,1.7245,-0.2158,5.3035,5.3277,0.6836,0.7738,0.7300,-2.2744,
13.713896,0.2954,1.1705,-0.1677,5.3035,5.3277,0.6836,0.7738,0.7300,-2.2744,
13.714450,0.2954,1.1705,-0.1677,5.3035,5.3277,0.6836,0.7222,2.2262,-2.7116,
13.715117,0.2954,1.1705,-0.1677,11.9820,8.3532,1.2740,0.7222,2.2262,-2.7116,
13.770396,-0.8350,0.9305,-0.1975,11.9820,8.3532,1.2740,0.7222,2.2262,-2.7116,
13.771333,-1.5011,1.2294,-0.2893,11.9820,8.3532,1.2740,0.7222,2.2262,-2.7116,
13.771799,-1.5253,1.1930,-0.4666,11.9820,8.3532,1.2740,0.7222,2.2262,-2.7116,
13.772308,-1.5253,1.1930,-0.4666,11.9820,8.3532,1.2740,1.3076,2.1727,-3.6607,
13.772801,-1.5253,1.1930,-0.4666,-5.8507,5.2002,1.0536,1.3076,2.1727,-3.6607,
13.829067,-1.0799,0.7752,-0.3716,-5.8507,5.2002,1.0536,1.3076,2.1727,-3.6607,
13.830137,-0.6707,0.5218,-0.3977,-5.8507,5.2002,1.0536,1.3076,2.1727,-3.6607,
13.830575,-0.2259,0.2732,-0.0032,-5.8507,5.2002,1.0536,1.3076,2.1727,-3.6607,
13.830954,-0.2259,0.2732,-0.0032,-5.8507,5.2002,1.0536,0.1248,-0.6554,-0.3022,
13.831416,-0.2259,0.2732,-0.0032,0.5545,-0.4655,1.3936,0.1248,-0.6554,-0.3022,
13.887417,0.0320,-0.0447,0.3575,0.5545,-0.4655,1.3936,0.1248,-0.6554,-0.3022,
13.888898,0.0723,-0.1648,-0.0056,0.5545,-0.4655,1.3936,0.1248,-0.6554,-0.3022,
13.889574,-0.1929,0.0830,-0.1211,0.5545,-0.4655,1.3936,0.1248,-0.6554,-0.3022,
13.890146,-0.1929,0.0830,-0.1211,0.5545,-0.4655,1.3936,-0.3838,-0.8957,2.6789,
13.891071,-0.1929,0.0830,-0.1211,5.8512,-7.0111,4.1121,-0.3838,-0.8957,2.6789,
13.946633,-0.3931,0.2603,-0.1194,5.8512,-7.0111,4.1121,-0.3838,-0.8957,2.6789,
13.947727,-0.4749,0.3628,-0.2151,5.8512,-7.0111,4.1121,-0.3838,-0.8957,2.6789,
13.948190,-0.5098,0.4541,-0.2127,5.8512,-7.0111,4.1121,-0.3838,-0.8957,2.6789,
13.948618,-0.5098,0.4541,-0.2127,5.8512,-7.0111,4.1121,-0.0424,-1.0053,4.6084,
13.949303,-0.5098,0.4541,-0.2127,-0.1490,-4.4321,1.2221,-0.0424,-1.0053,4.6084,
14.003725,-0.5101,0.5081,-0.1162,-0.1490,-4.4321,1.2221,-0.0424,-1.0053,4.6084,
14.004926,-0.4939,0.6395,-0.2427,-0.1490,-4.4321,1.2221,-0.0424,-1.0053,4.6084,
14.005753,-0.5184,0.9515,-0.2981,-0.1490,-4.4321,1.2221,-0.0424,-1.0053,4.6084,
14.006419,-0.5184,0.9515,-0.2981,-0.1490,-4.4321,1.2221,0.0993,-3.2783,6.9495,
14.007821,-0.5184,0.9515,-0.2981,-3.5396,-2.2132,0.3710,0.0993,-3.2783,6.9495,
14.062068,-0.6954,1.4037,-0.3435,-3.5396,-2.2132,0.3710,0.0993,-3.2783,6.9495,
14.063325,-0.9625,1.8312,-0.3494,-3.5396,-2.2132,0.3710,0.0993,-3.2783,6.9495,
14.063881,-1.2008,1.7556,-0.2539,-3.5396,-2.2132,0.3710,0.0993,-3.2783,6.9495,
14.064493,-1.2008,1.7556,-0.2539,-3.5396,-2.2132,0.3710,0.8764,-8.0240,7.3504,
14.065623,-1.2008,1.7556,-0.2539,-10.3888,7.2400,-0.0665,0.8764,-8.0240,7.3504,
14.120259,-0.7935,1.3805,0.2334,-10.3888,7.2400,-0.0665,0.8764,-8.0240,7.3504,
14.121978,-0.1096,1.0089,0.6351,-10.3888,7.2400,-0.0665,0.8764,-8.0240,7.3504,
14.122798,-0.0754,0.5794,0.0474,-10.3888,7.2400,-0.0665,0.8764,-8.0240,7.3504,
14.123462,-0.0754,0.5794,0.0474,-10.3888,7.2400,-0.0665,-0.2075,-8.3948,3.7451,
14.124288,-0.0754,0.5794,0.0474,-4.4795,0.8783,6.4854,-0.2075,-8.3948,3.7451,
14.178954,-0.8780,0.9139,-0.0889,-4.4795,0.8783,6.4854,-0.2075,-8.3948,3.7451,
14.180635,-0.6702,1.1007,1.4826,-4.4795,0.8783,6.4854,-0.2075,-8.3948,3.7451,
14.181570,0.2932,1.8515,-0.0544,-4.4795,0.8783,6.4854,-0.2075,-8.3948,3.7451,
14.182277,0.2932,1.8515,-0.0544,-4.4795,0.8783,6.4854,-0.7178,0.9678,-1.5821,
14.182987,0.2932,1.8515,-0.0544,-4.6463,3.5309,7.3413,-0.7178,0.9678,-1.5821,
14.237088,0.8934,2.5664,-0.7733,-4.6463,3.5309,7.3413,-0.7178,0.9678,-1.5821,
14.238532,0.3162,1.0025,-0.8150,-4.6463,3.5309,7.3413,-0.7178,0.9678,-1.5821,
14.239500,-0.4693,0.6934,-0.2998,-4.6463,3.5309,7.3413,-0.7178,0.9678,-1.5821,
14.240279,-0.4693,0.6934,-0.2998,-4.6463,3.5309,7.3413,-0.2957,-0.5557,-1.5327,
14.241861,-0.4693,0.6934,-0.2998,2.7343,4.6861,-3.3061,-0.2957,-0.5557,-1.5327,
14.295449,-0.1492,0.8499,-0.0637,2.7343,4.6861,-3.3061,-0.2957,-0.5557,-1.5327,
14.296972,-0.2554,0.8900,0.0369,2.7343,4.6861,-3.3061,-0.2957,-0.5557,-1.5327,
14.297676,-0.4078,0.8822,0.1045,2.7343,4.6861,-3.3061,-0.2957,-0.5557,-1.5327,
14.298259,-0.4078,0.8822,0.1045,2.7343,4.6861,-3.3061,-0.3040,-0.7192,-0.9672,
14.300088,-0.4078,0.8822,0.1045,-1.6718,-0.6745,2.8747,-0.3040,-0.7192,-0.9672,
14.353694,-0.4981,0.9037,-0.0855,-1.6718,-0.6745,2.8747,-0.3040,-0.7192,-0.9672,
14.355130,-0.4524,0.9747,-0.2849,-1.6718,-0.6745,2.8747,-0.3040,-0.7192,-0.9672,
14.355858,-0.3462,0.9549,-0.3289,-1.6718,-0.6745,2.8747,-0.3040,-0.7192,-0.9672,
14.356423,-0.3462,0.9549,-0.3289,-1.6718,-0.6745,2.8747,0.2077,-0.6194,-0.1922,
14.357752,-0.3462,0.9549,-0.3289,-3.0047,0.0583,0.4012,0.2077,-0.6194,-0.1922,
14.412038,-0.2190,0.9562,-0.3511,-3.0047,0.0583,0.4012,0.2077,-0.6194,-0.1922,
14.413265,-0.0708,0.9745,-0.3428,-3.0047,0.0583,0.4012,0.2077,-0.6194,-0.1922,
14.413833,0.0032,0.9881,-0.2918,-3.0047,0.0583,0.4012,0.2077,-0.6194,-0.1922,
14.414268,0.0032,0.9881,-0.2918,-3.0047,0.0583,0.4012,0.1822,-1.1276,0.4498,
14.415584,0.0032,0.9881,-0.2918,0.2273,0.3287,-0.5082,0.1822,-1.1276,0.4498,
14.470322,-0.0757,0.9254,-0.3018,0.2273,0.3287,-0.5082,0.1822,-1.1276,0.4498,
14.471513,-0.1697,0.9320,-0.2613,0.2273,0.3287,-0.5082,0.1822,-1.1276,0.4498,
14.472090,-0.1209,0.9847,-0.2425,0.2273,0.3287,-0.5082,0.1822,-1.1276,0.4498,
14.473335,-0.1209,0.9847,-0.2425,-0.1012,0.0910,0.1544,0.1822,-1.1276,0.4498,
14.474060,-0.1209,0.9847,-0.2425,-0.1012,0.0910,0.1544,0.2185,-0.6145,0.3138,
14.528919,-0.0842,0.9713,-0.2788,-0.1012,0.0910,0.1544,0.2185,-0.6145,0.3138,
14.530222,-0.0161,0.9698,-0.3025,-0.1012,0.0910,0.1544,0.2185,-0.6145,0.3138,
14.530744,0.0081,0.9742,-0.2840,-0.1012,0.0910,0.1544,0.2185,-0.6145,0.3138,
14.531292,0.0081,0.9742,-0.2840,-0.1012,0.0910,0.1544,0.3327,-0.3799,0.3325,
14.532588,0.0081,0.9742,-0.2840,0.6676,0.3595,0.1119,0.3327,-0.3799,0.3325,
14.587320,-0.1008,0.9327,-0.2879,0.6676,0.3595,0.1119,0.3327,-0.3799,0.3325,
14.588716,-0.2752,0.9261,-0.2403,0.6676,0.3595,0.1119,0.3327,-0.3799,0.3325,
14.589479,-0.1992,0.9569,-0.2454,0.6676,0.3595,0.1119,0.3327,-0.3799,0.3325,
14.590044,-0.1992,0.9569,-0.2454,0.6676,0.3595,0.1119,0.5551,-0.3050,0.2169,
14.591543,-0.1992,0.9569,-0.2454,-0.9549,0.1198,0.6790,0.5551,-0.3050,0.2169,
14.645482,-0.0249,0.9903,-0.2642,-0.9549,0.1198,0.6790,0.5551,-0.3050,0.2169,
14.646715,0.0967,1.0411,-0.3079,-0.9549,0.1198,0.6790,0.5551,-0.3050,0.2169,
14.647334,0.1082,1.0895,-0.3555,-0.9549,0.1198,0.6790,0.5551,-0.3050,0.2169,
14.647808,0.1082,1.0895,-0.3555,-0.9549,0.1198,0.6790,0.7803,-0.1716,0.4343,
14.649242,0.1082,1.0895,-0.3555,1.2956,1.2299,0.5677,0.7803,-0.1716,0.4343,
14.703715,0.0918,1.0519,-0.3804,1.2956,1.2299,0.5677,0.7803,-0.1716,0.4343,
14.705102,0.0877,1.0553,-0.3147,1.2956,1.2299,0.5677,0.7803,-0.1716,0.4343,
14.705720,0.1099,1.3346,-0.1174,1.2956,1.2299,0.5677,0.7803,-0.1716,0.4343,
14.707103,0.1099,1.3346,-0.1174,1.2956,1.2299,0.5677,1.4203,-0.4103,0.1240,
14.708112,0.1099,1.3346,-0.1174,1.6555,2.5577,1.6293,1.4203,-0.4103,0.1240,
14.762047,0.3323,1.6535,0.0708,1.6555,2.5577,1.6293,1.4203,-0.4103,0.1240,
14.763388,0.5740,1.7187,0.0999,1.6555,2.5577,1.6293,1.4203,-0.4103,0.1240,
14.764071,0.4002,1.5309,0.1096,1.6555,2.5577,1.6293,1.4203,-0.4103,0.1240,
14.764595,0.4002,1.5309,0.1096,1.6555,2.5577,1.6293,2.5308,-2.2952,0.0055,
14.765886,0.4002,1.5309,0.1096,5.5355,7.9134,6.1893,2.5308,-2.2952,0.0055,
14.820315,-0.0415,1.4149,0.3057,5.5355,7.9134,6.1893,2.5308,-2.2952,0.0055,
14.821536,-0.6805,1.3400,0.3448,5.5355,7.9134,6.1893,2.5308,-2.2952,0.0055,
14.822178,-1.3063,1.4374,-0.0552,5.5355,7.9134,6.1893,2.5308,-2.2952,0.0055,
14.822853,-1.3063,1.4374,-0.0552,-3.8997,6.5130,7.9739,2.5308,-2.2952,0.0055,
14.823534,-1.3063,1.4374,-0.0552,-3.8997,6.5130,7.9739,2.7389,-2.8937,-0.9548,
14.879013,-1.2428,1.3026,-0.2351,-3.8997,6.5130,7.9739,2.7389,-2.8937,-0.9548,
14.880358,-0.7630,1.0887,-0.5076,-3.8997,6.5130,7.9739,2.7389,-2.8937,-0.9548,
14.880980,-0.3008,1.0643,-0.4307,-3.8997,6.5130,7.9739,2.7389,-2.8937,-0.9548,
14.881582,-0.3008,1.0643,-0.4307,-3.8997,6.5130,7.9739,2.3329,-4.9932,-0.2806,
14.882172,-0.3008,1.0643,-0.4307,-2.8855,4.9010,2.0023,2.3329,-4.9932,-0.2806,
14.937091,-0.0293,0.7254,0.0220,-2.8855,4.9010,2.0023,2.3329,-4.9932,-0.2806,
14.938311,-0.1035,0.5494,0.2083,-2.8855,4.9010,2.0023,2.3329,-4.9932,-0.2806,
14.938762,-0.2268,0.5220,0.1382,-2.8855,4.9010,2.0023,2.3329,-4.9932,-0.2806,
14.939306,-0.2268,0.5220,0.1382,-2.8855,4.9010,2.0023,0.9990,-5.4557,1.4775,
14.940761,-0.2268,0.5220,0.1382,4.5190,-0.6571,5.6279,0.9990,-5.4557,1.4775,
14.995688,-0.3208,0.5745,0.1375,4.5190,-0.6571,5.6279,0.9990,-5.4557,1.4775,
14.996793,-0.2454,0.5157,0.1013,4.5190,-0.6571,5.6279,0.9990,-5.4557,1.4775,
14.997186,-0.1821,0.4913,0.0532,4.5190,-0.6571,5.6279,0.9990,-5.4557,1.4775,
14.997566,-0.1821,0.4913,0.0532,4.5190,-0.6571,5.6279,0.3985,-2.9965,3.3508,
14.998415,-0.1821,0.4913,0.0532,2.5385,-2.2964,4.4916,0.3985,-2.9965,3.3508,
15.053696,-0.1704,0.5897,-0.0122,2.5385,-2.2964,4.4916,0.3985,-2.9965,3.3508,
15.054990,-0.2263,0.7359,-0.0483,2.5385,-2.2964,4.4916,0.3985,-2.9965,3.3508,
15.055585,-0.3662,0.8809,-0.0610,2.5385,-2.2964,4.4916,0.3985,-2.9965,3.3508,
15.056076,-0.3662,0.8809,-0.0610,0.2071,-1.4718,2.7121,0.3985,-2.9965,3.3508,
15.056673,-0.3662,0.8809,-0.0610,0.2071,-1.4718,2.7121,-0.4488,-0.5976,5.0629,
15.112047,-0.4388,1.0599,-0.1238,0.2071,-1.4718,2.7121,-0.4488,-0.5976,5.0629,
15.113451,-0.5044,1.2137,-0.1616,0.2071,-1.4718,2.7121,-0.4488,-0.5976,5.0629,
15.114288,-0.6417,1.4101,-0.2688,0.2071,-1.4718,2.7121,-0.4488,-0.5976,5.0629,
15.115544,-0.6417,1.4101,-0.2688,0.2071,-1.4718,2.7121,-1.7349,-0.7992,6.0664,
15.116527,-0.6417,1.4101,-0.2688,-5.4824,2.6300,0.3152,-1.7349,-0.7992,6.0664,
15.170614,-0.7691,1.5910,-0.3653,-5.4824,2.6300,0.3152,-1.7349,-0.7992,6.0664,
15.172145,-0.7760,1.5561,-0.1878,-5.4824,2.6300,0.3152,-1.7349,-0.7992,6.0664,
15.172917,-0.9000,1.4877,-0.0974,-5.4824,2.6300,0.3152,-1.7349,-0.7992,6.0664,
15.173752,-0.9000,1.4877,-0.0974,-5.4824,2.6300,0.3152,-2.3344,-1.9835,6.0197,
15.175226,-0.9000,1.4877,-0.0974,-11.1825,6.0721,-1.0113,-2.3344,-1.9835,6.0197,
15.229196,-0.7860,1.2650,-0.0125,-11.1825,6.0721,-1.0113,-2.3344,-1.9835,6.0197,
15.230587,-0.6065,1.0123,-0.1438,-11.1825,6.0721,-1.0113,-2.3344,-1.9835,6.0197,
15.231347,-0.7865,0.7699,-0.2114,-11.1825,6.0721,-1.0113,-2.3344,-1.9835,6.0197,
15.232123,-0.7865,0.7699,-0.2114,-11.1825,6.0721,-1.0113,-1.6357,-1.2317,2.6123,
15.232891,-0.7865,0.7699,-0.2114,-11.4062,1.3702,-0.6347,-1.6357,-1.2317,2.6123,
15.287132,-0.9215,0.7054,-0.2854,-11.4062,1.3702,-0.6347,-1.6357,-1.2317,2.6123,
15.288745,-0.8604,0.8934,-0.3509,-11.4062,1.3702,-0.6347,-1.6357,-1.2317,2.6123,
15.289512,-0.5235,1.2621,-0.4842,-11.4062,1.3702,-0.6347,-1.6357,-1.2317,2.6123,
15.290200,-0.5235,1.2621,-0.4842,-11.4062,1.3702,-0.6347,-0.0784,-0.7088,-1.6784,
15.291710,-0.5235,1.2621,-0.4842,-10.7536,0.3773,-2.9124,-0.0784,-0.7088,-1.6784,
15.345369,0.8878,1.4713,-0.0449,-10.7536,0.3773,-2.9124,-0.0784,-0.7088,-1.6784,
15.346940,2.3074,1.3197,0.0024,-10.7536,0.3773,-2.9124,-0.0784,-0.7088,-1.6784,
15.347710,0.4654,1.3319,-0.6885,-10.7536,0.3773,-2.9124,-0.0784,-0.7088,-1.6784,
15.348405,0.4654,1.3319,-0.6885,-10.7536,0.3773,-2.9124,-0.0570,-1.5111,-1.1629,
15.350077,0.4654,1.3319,-0.6885,9.2691,4.2300,-1.3973,-0.0570,-1.5111,-1.1629,
15.403757,-1.2101,1.4647,-0.6282,9.2691,4.2300,-1.3973,-0.0570,-1.5111,-1.1629,
15.405621,-0.7301,0.9757,-0.1052,9.2691,4.2300,-1.3973,-0.0570,-1.5111,-1.1629,
15.406575,0.0110,0.7091,0.3064,9.2691,4.2300,-1.3973,-0.0570,-1.5111,-1.1629,
15.407366,0.0110,0.7091,0.3064,9.2691,4.2300,-1.3973,-0.2120,-0.9118,-2.5157,
15.408054,0.0110,0.7091,0.3064,-7.4309,0.7359,-0.4015,-0.2120,-0.9118,-2.5157,
15.461986,0.1362,0.8797,0.4607,-7.4309,0.7359,-0.4015,-0.2120,-0.9118,-2.5157,
15.463403,0.2119,1.0533,0.2657,-7.4309,0.7359,-0.4015,-0.2120,-0.9118,-2.5157,
15.464071,-0.0283,1.0111,-0.2005,-7.4309,0.7359,-0.4015,-0.2120,-0.9118,-2.5157,
15.464686,-0.0283,1.0111,-0.2005,-7.4309,0.7359,-0.4015,0.0979,-0.5312,-1.4298,
15.465213,-0.0283,1.0111,-0.2005,0.7343,0.0113,2.7420,0.0979,-0.5312,-1.4298,
15.520537,-0.2740,1.0709,-0.2832,0.7343,0.0113,2.7420,0.0979,-0.5312,-1.4298,
15.522404,-0.2305,1.1100,-0.3001,0.7343,0.0113,2.7420,0.0979,-0.5312,-1.4298,
15.523034,-0.1836,1.0245,-0.1990,0.7343,0.0113,2.7420,0.0979,-0.5312,-1.4298,
15.523569,-0.1836,1.0245,-0.1990,0.7343,0.0113,2.7420,0.1777,0.0650,-1.1985,
15.524102,-0.1836,1.0245,-0.1990,-1.8590,0.8631,-1.4060,0.1777,0.0650,-1.1985,
15.578719,-0.1084,1.0084,-0.0647,-1.8590,0.8631,-1.4060,0.1777,0.0650,-1.1985,
15.580600,-0.0142,1.0145,-0.0559,-1.8590,0.8631,-1.4060,0.1777,0.0650,-1.1985,
15.581394,0.0139,0.9530,-0.0657,-1.8590,0.8631,-1.4060,0.1777,0.0650,-1.1985,
15.581834,0.0139,0.9530,-0.0657,-1.8590,0.8631,-1.4060,0.1038,-0.5259,-0.7768,
15.582378,0.0139,0.9530,-0.0657,0.4960,0.1461,0.5684,0.1038,-0.5259,-0.7768,
15.637336,-0.0366,0.9283,-0.0535,0.4960,0.1461,0.5684,0.1038,-0.5259,-0.7768,
15.638693,-0.1870,0.9781,-0.0449,0.4960,0.1461,0.5684,0.1038,-0.5259,-0.7768,
15.639478,-0.2254,0.9891,-0.0713,0.4960,0.1461,0.5684,0.1038,-0.5259,-0.7768,
15.640885,-0.2254,0.9891,-0.0713,0.4960,0.1461,0.5684,0.1376,0.0548,-0.9525,
15.641589,-0.2254,0.9891,-0.0713,-0.0885,-0.0438,0.6925,0.1376,0.0548,-0.9525,
15.695777,-0.1533,0.9901,-0.0813,-0.0885,-0.0438,0.6925,0.1376,0.0548,-0.9525,
15.696823,-0.1035,0.9974,-0.0837,-0.0885,-0.0438,0.6925,0.1376,0.0548,-0.9525,
15.697336,-0.1257,0.9735,-0.0916,-0.0885,-0.0438,0.6925,0.1376,0.0548,-0.9525,
15.697862,-0.1257,0.9735,-0.0916,-0.0885,-0.0438,0.6925,0.2095,-0.0152,-0.9083,
15.698741,-0.1257,0.9735,-0.0916,0.6200,0.2677,0.5137,0.2095,-0.0152,-0.9083,
15.753793,-0.1384,0.9632,-0.1001,0.6200,0.2677,0.5137,0.2095,-0.0152,-0.9083,
15.755171,-0.1287,1.0013,-0.0852,0.6200,0.2677,0.5137,0.2095,-0.0152,-0.9083,
15.755766,-0.0886,1.0353,-0.0532,0.6200,0.2677,0.5137,0.2095,-0.0152,-0.9083,
15.756244,-0.0886,1.0353,-0.0532,0.6200,0.2677,0.5137,0.3164,0.2715,-1.1411,
15.756775,-0.0886,1.0353,-0.0532,1.2835,0.5565,0.7669,0.3164,0.2715,-1.1411,
15.812093,-0.1311,1.0648,-0.0300,1.2835,0.5565,0.7669,0.3164,0.2715,-1.1411,
15.813403,-0.2005,1.1061,-0.0527,1.2835,0.5565,0.7669,0.3164,0.2715,-1.1411,
15.814022,-0.1931,1.1849,-0.0845,1.2835,0.5565,0.7669,0.3164,0.2715,-1.1411,
15.814546,-0.1931,1.1849,-0.0845,1.2835,0.5565,0.7669,0.6569,0.1965,-1.5383,
15.815135,-0.1931,1.1849,-0.0845,1.5025,2.0075,1.3571,0.6569,0.1965,-1.5383,
15.871919,-0.1931,1.1849,-0.0845,3.3177,4.2985,0.7988,0.6569,0.1965,-1.5383,
15.873143,-0.1299,1.2516,-0.1077,3.3177,4.2985,0.7988,0.6569,0.1965,-1.5383,
15.873754,-0.0750,1.3058,-0.1858,3.3177,4.2985,0.7988,0.6569,0.1965,-1.5383,
15.874284,-0.0215,1.3559,-0.2371,3.3177,4.2985,0.7988,0.6569,0.1965,-1.5383,
15.874846,-0.0215,1.3559,-0.2371,3.3177,4.2985,0.7988,1.0957,0.4032,-1.8713,
15.928900,0.0967,1.5246,-0.0999,3.3177,4.2985,0.7988,1.0957,0.4032,-1.8713,
15.930141,0.4292,1.7805,0.0689,3.3177,4.2985,0.7988,1.0957,0.4032,-1.8713,
15.930751,0.9193,1.8767,0.1101,3.3177,4.2985,0.7988,1.0957,0.4032,-1.8713,
15.931294,0.9193,1.8767,0.1101,3.3177,4.2985,0.7988,1.5058,0.4624,-2.1568,
15.931864,0.9193,1.8767,0.1101,9.5542,9.1175,3.5618,1.5058,0.4624,-2.1568,
15.987162,0.9098,1.5683,0.0725,9.5542,9.1175,3.5618,1.5058,0.4624,-2.1568,
15.988510,-0.1204,1.0172,-0.0518,9.5542,9.1175,3.5618,1.5058,0.4624,-2.1568,
15.989169,-1.0965,1.1451,-0.2246,9.5542,9.1175,3.5618,1.5058,0.4624,-2.1568,
15.989756,-1.0965,1.1451,-0.2246,9.5542,9.1175,3.5618,1.3765,2.3704,-3.2824,
15.990343,-1.0965,1.1451,-0.2246,4.5686,5.6100,3.8867,1.3765,2.3704,-3.2824,
16.045545,-1.1515,1.4030,-0.2515,4.5686,5.6100,3.8867,1.3765,2.3704,-3.2824,
16.046787,-0.8175,1.0104,-0.4739,4.5686,5.6100,3.8867,1.3765,2.3704,-3.2824,
16.047421,-0.6356,0.5215,-0.2859,4.5686,5.6100,3.8867,1.3765,2.3704,-3.2824,
16.047874,-0.6356,0.5215,-0.2859,4.5686,5.6100,3.8867,1.2174,1.2012,-2.3127,
16.048467,-0.6356,0.5215,-0.2859,-2.4282,4.0804,2.0459,1.2174,1.2012,-2.3127,
16.103799,-0.5494,0.4063,-0.4969,-2.4282,4.0804,2.0459,1.2174,1.2012,-2.3127,
16.105163,-0.3628,0.4112,-0.4307,-2.4282,4.0804,2.0459,1.2174,1.2012,-2.3127,
16.105831,-0.2364,0.2102,-0.0342,-2.4282,4.0804,2.0459,1.2174,1.2012,-2.3127,
16.106456,-0.2364,0.2102,-0.0342,-2.4282,4.0804,2.0459,-1.1366,-0.5213,0.5329,
16.107519,-0.2364,0.2102,-0.0342,2.2603,-2.6322,1.6155,-1.1366,-0.5213,0.5329,
16.162044,-0.1526,0.1255,-0.1729,2.2603,-2.6322,1.6155,-1.1366,-0.5213,0.5329,
16.163533,-0.0618,0.2100,-0.2053,2.2603,-2.6322,1.6155,-1.1366,-0.5213,0.5329,
16.164303,-0.0745,0.3743,-0.2664,2.2603,-2.6322,1.6155,-1.1366,-0.5213,0.5329,
16.164833,-0.0745,0.3743,-0.2664,2.2603,-2.6322,1.6155,-2.1472,-1.0710,3.0079,
16.165509,-0.0745,0.3743,-0.2664,4.0704,-5.0862,1.4334,-2.1472,-1.0710,3.0079,
16.220722,-0.1152,0.5650,-0.3960,4.0704,-5.0862,1.4334,-2.1472,-1.0710,3.0079,
16.222152,-0.1299,0.7276,-0.3357,4.0704,-5.0862,1.4334,-2.1472,-1.0710,3.0079,
16.222876,-0.0977,0.7545,-0.2906,4.0704,-5.0862,1.4334,-2.1472,-1.0710,3.0079,
16.223601,-0.0977,0.7545,-0.2906,4.0704,-5.0862,1.4334,-2.7290,-0.6748,4.8188,
16.224362,-0.0977,0.7545,-0.2906,1.6586,-2.2390,-1.2535,-2.7290,-0.6748,4.8188,
16.278627,-0.0808,0.8495,-0.2581,1.6586,-2.2390,-1.2535,-2.7290,-0.6748,4.8188,
16.280074,-0.0818,1.1425,-0.3172,1.6586,-2.2390,-1.2535,-2.7290,-0.6748,4.8188,
16.280804,-0.1143,1.5409,-0.4534,1.6586,-2.2390,-1.2535,-2.7290,-0.6748,4.8188,
16.282212,-0.1143,1.5409,-0.4534,1.6586,-2.2390,-1.2535,-2.7473,0.4594,5.8823,
16.283318,-0.1143,1.5409,-0.4534,-1.3395,1.9592,-2.7101,-2.7473,0.4594,5.8823,
16.337001,-0.4649,2.0124,-0.6180,-1.3395,1.9592,-2.7101,-2.7473,0.4594,5.8823,
16.338528,-0.8358,1.8876,-0.5919,-1.3395,1.9592,-2.7101,-2.7473,0.4594,5.8823,
16.339362,-0.8111,1.2626,-0.2019,-1.3395,1.9592,-2.7101,-2.7473,0.4594,5.8823,
16.340718,-0.8111,1.2626,-0.2019,-1.3395,1.9592,-2.7101,-2.9570,0.2450,5.5164,
16.341716,-0.8111,1.2626,-0.2019,-10.1714,7.8122,-5.5060,-2.9570,0.2450,5.5164,
16.395648,-0.8597,1.0270,-0.3626,-10.1714,7.8122,-5.5060,-2.9570,0.2450,5.5164,
16.397855,-0.8394,0.8978,-0.5193,-10.1714,7.8122,-5.5060,-2.9570,0.2450,5.5164,
16.398759,-1.0482,0.6788,-0.4048,-10.1714,7.8122,-5.5060,-2.9570,0.2450,5.5164,
16.399674,-1.0482,0.6788,-0.4048,-10.1714,7.8122,-5.5060,-1.1692,-0.5608,2.1169,
16.400412,-1.0482,0.6788,-0.4048,-13.1524,0.0051,-5.4697,-1.1692,-0.5608,2.1169,
16.453782,-1.0973,0.7606,-0.3323,-13.1524,0.0051,-5.4697,-1.1692,-0.5608,2.1169,
16.455337,-0.5975,1.4513,-0.4029,-13.1524,0.0051,-5.4697,-1.1692,-0.5608,2.1169,
16.456113,1.6242,1.9377,1.0504,-13.1524,0.0051,-5.4697,-1.1692,-0.5608,2.1169,
16.457202,1.6242,1.9377,1.0504,-13.1524,0.0051,-5.4697,0.0291,-1.2981,-1.9556,
16.458008,1.6242,1.9377,1.0504,-3.4434,4.5515,0.0712,0.0291,-1.2981,-1.9556,
16.512076,2.8606,1.5588,0.4146,-3.4434,4.5515,0.0712,0.0291,-1.2981,-1.9556,
16.513351,-0.1179,1.2655,-0.8165,-3.4434,4.5515,0.0712,0.0291,-1.2981,-1.9556,
16.514037,-1.2618,1.2289,-1.0629,-3.4434,4.5515,0.0712,0.0291,-1.2981,-1.9556,
16.514651,-1.2618,1.2289,-1.0629,-3.4434,4.5515,0.0712,0.8493,-0.3246,-2.4483,
16.515225,-1.2618,1.2289,-1.0629,2.8762,3.7713,-5.1430,0.8493,-0.3246,-2.4483,
16.570648,-0.6280,0.8343,0.0967,2.8762,3.7713,-5.1430,0.8493,-0.3246,-2.4483,
16.571855,-0.2349,0.7611,0.5328,2.8762,3.7713,-5.1430,0.8493,-0.3246,-2.4483,
16.572475,-0.2862,0.8973,0.2227,2.8762,3.7713,-5.1430,0.8493,-0.3246,-2.4483,
16.572963,-0.2862,0.8973,0.2227,2.8762,3.7713,-5.1430,0.2238,-0.5935,-2.1861,
16.573736,-0.2862,0.8973,0.2227,-4.4271,-1.4779,2.5517,0.2238,-0.5935,-2.1861,
16.629319,-0.1638,1.0633,-0.0264,-4.4271,-1.4779,2.5517,0.2238,-0.5935,-2.1861,
16.630347,-0.0217,1.0943,-0.1250,-4.4271,-1.4779,2.5517,0.2238,-0.5935,-2.1861,
16.631040,0.0452,1.0541,-0.1111,-4.4271,-1.4779,2.5517,0.2238,-0.5935,-2.1861,
16.631470,0.0452,1.0541,-0.1111,-4.4271,-1.4779,2.5517,0.2626,-0.0647,-1.1423,
16.632008,0.0452,1.0541,-0.1111,-0.4830,0.8310,-0.9232,0.2626,-0.0647,-1.1423,
16.687018,0.0566,1.1061,-0.1043,-0.4830,0.8310,-0.9232,0.2626,-0.0647,-1.1423,
16.688482,-0.1489,1.0756,0.0313,-0.4830,0.8310,-0.9232,0.2626,-0.0647,-1.1423,
16.689250,-0.2967,0.9855,0.0886,-0.4830,0.8310,-0.9232,0.2626,-0.0647,-1.1423,
16.689767,-0.2967,0.9855,0.0886,-0.4830,0.8310,-0.9232,0.1672,0.2501,-1.0065,
16.690527,-0.2967,0.9855,0.0886,-0.7157,0.6884,0.0827,0.1672,0.2501,-1.0065,
16.745400,-0.1260,0.9454,0.1060,-0.7157,0.6884,0.0827,0.1672,0.2501,-1.0065,
16.746507,0.1531,0.9564,0.0728,-0.7157,0.6884,0.0827,0.1672,0.2501,-1.0065,
16.747054,0.1985,0.9886,0.0657,-0.7157,0.6884,0.0827,0.1672,0.2501,-1.0065,
16.747596,0.1985,0.9886,0.0657,-0.7157,0.6884,0.0827,0.2732,-0.2046,-0.7495,
16.749507,0.1985,0.9886,0.0657,1.6862,-0.1771,0.9573,0.2732,-0.2046,-0.7495,
16.803768,0.0242,0.9798,0.0586,1.6862,-0.1771,0.9573,0.2732,-0.2046,-0.7495,
16.804940,-0.1209,0.9664,0.0156,1.6862,-0.1771,0.9573,0.2732,-0.2046,-0.7495,
16.805422,-0.2271,0.9867,-0.0151,1.6862,-0.1771,0.9573,0.2732,-0.2046,-0.7495,
16.806989,-0.2271,0.9867,-0.0151,1.6862,-0.1771,0.9573,0.4288,0.4822,-1.2704,
16.807906,-0.2271,0.9867,-0.0151,0.5820,0.0644,0.6191,0.4288,0.4822,-1.2704,
16.861932,-0.2073,0.9879,-0.0256,0.5820,0.0644,0.6191,0.4288,0.4822,-1.2704,
16.862872,-0.0813,0.9598,-0.0122,0.5820,0.0644,0.6191,0.4288,0.4822,-1.2704,
16.863277,-0.0899,0.9637,-0.0391,0.5820,0.0644,0.6191,0.4288,0.4822,-1.2704,
16.864345,-0.0899,0.9637,-0.0391,0.5820,0.0644,0.6191,0.5406,0.3156,-1.3121,
16.865671,-0.0899,0.9637,-0.0391,1.0967,0.1630,0.5000,0.5406,0.3156,-1.3121,
16.920809,-0.2283,0.9745,-0.1299,1.0967,0.1630,0.5000,0.5406,0.3156,-1.3121,
16.921738,-0.3213,0.9842,-0.1726,1.0967,0.1630,0.5000,0.5406,0.3156,-1.3121,
16.922402,-0.3338,1.0077,-0.2005,1.0967,0.1630,0.5000,0.5406,0.3156,-1.3121,
16.922940,-0.3338,1.0077,-0.2005,1.0967,0.1630,0.5000,0.5072,0.4846,-1.5754,
16.923443,-0.3338,1.0077,-0.2005,0.2629,0.6117,-0.5321,0.5072,0.4846,-1.5754,
16.979103,-0.2593,1.0170,-0.2061,0.2629,0.6117,-0.5321,0.5072,0.4846,-1.5754,
16.980007,-0.2813,1.1007,-0.1079,0.2629,0.6117,-0.5321,0.5072,0.4846,-1.5754,
16.980666,-0.2439,1.1986,-0.0628,0.2629,0.6117,-0.5321,0.5072,0.4846,-1.5754,
16.981144,-0.2439,1.1986,-0.0628,0.2629,0.6117,-0.5321,0.5836,-0.0672,-1.5817,
16.982289,-0.2439,1.1986,-0.0628,1.3895,2.0911,0.1643,0.5836,-0.0672,-1.5817,
17.037075,-0.1257,1.2101,-0.0601,1.3895,2.0911,0.1643,0.5836,-0.0672,-1.5817,
17.038328,-0.0669,1.2257,-0.0962,1.3895,2.0911,0.1643,0.5836,-0.0672,-1.5817,
17.038939,-0.0535,1.3815,-0.1143,1.3895,2.0911,0.1643,0.5836,-0.0672,-1.5817,
17.039518,-0.0535,1.3815,-0.1143,1.3895,2.0911,0.1643,0.7748,0.2454,-1.9214,
17.041386,-0.0535,1.3815,-0.1143,4.0056,4.2246,0.9422,0.7748,0.2454,-1.9214,
17.095591,0.1558,1.6945,-0.0190,4.0056,4.2246,0.9422,0.7748,0.2454,-1.9214,
17.096836,0.6068,1.7853,-0.1914,4.0056,4.2246,0.9422,0.7748,0.2454,-1.9214,
17.097372,0.8639,1.6445,-0.2488,4.0056,4.2246,0.9422,0.7748,0.2454,-1.9214,
17.097886,0.8639,1.6445,-0.2488,4.0056,4.2246,0.9422,1.0773,1.4574,-2.2406,
17.099575,0.8639,1.6445,-0.2488,10.7686,9.1684,1.2477,1.0773,1.4574,-2.2406,
17.154089,0.5015,1.1605,-0.1516,10.7686,9.1684,1.2477,1.0773,1.4574,-2.2406,
17.155386,-0.6080,0.8570,-0.2273,10.7686,9.1684,1.2477,1.0773,1.4574,-2.2406,
17.155935,-1.3214,1.3060,-0.2825,10.7686,9.1684,1.2477,1.0773,1.4574,-2.2406,
17.156480,-1.3214,1.3060,-0.2825,10.7686,9.1684,1.2477,1.2498,2.9917,-3.1773,
17.157027,-1.3214,1.3060,-0.2825,1.4339,4.5452,2.0792,1.2498,2.9917,-3.1773,
17.212244,-1.0958,1.4103,-0.1846,1.4339,4.5452,2.0792,1.2498,2.9917,-3.1773,
17.213481,-0.7703,0.8326,-0.1702,1.4339,4.5452,2.0792,1.2498,2.9917,-3.1773,
17.214028,-0.7054,0.5672,-0.2510,1.4339,4.5452,2.0792,1.2498,2.9917,-3.1773,
17.214672,-0.7054,0.5672,-0.2510,1.4339,4.5452,2.0792,1.1344,0.4580,-1.4935,
17.215266,-0.7054,0.5672,-0.2510,-1.8708,3.6552,2.7643,1.1344,0.4580,-1.4935,
17.270670,-0.5848,0.4581,-0.3521,-1.8708,3.6552,2.7643,1.1344,0.4580,-1.4935,
17.271868,-0.3133,0.3623,0.0703,-1.8708,3.6552,2.7643,1.1344,0.4580,-1.4935,
17.272370,-0.2029,0.1389,0.1831,-1.8708,3.6552,2.7643,1.1344,0.4580,-1.4935,
17.272933,-0.2029,0.1389,0.1831,-1.8708,3.6552,2.7643,-0.4997,-1.2005,1.3920,
17.273708,-0.2029,0.1389,0.1831,2.7249,-2.9929,3.7313,-0.4997,-1.2005,1.3920,
17.328978,-0.2791,0.1192,0.0491,2.7249,-2.9929,3.7313,-0.4997,-1.2005,1.3920,
17.330656,-0.3489,0.2732,-0.0740,2.7249,-2.9929,3.7313,-0.4997,-1.2005,1.3920,
17.331326,-0.3255,0.4764,-0.1487,2.7249,-2.9929,3.7313,-0.4997,-1.2005,1.3920,
17.331936,-0.3255,0.4764,-0.1487,1.9164,-4.5671,2.8909,-0.4997,-1.2005,1.3920,
17.332608,-0.3255,0.4764,-0.1487,1.9164,-4.5671,2.8909,-0.2963,-1.2751,3.8575,
17.387241,-0.3575,0.5345,0.1043,1.9164,-4.5671,2.8909,-0.2963,-1.2751,3.8575,
17.388982,-0.5076,0.5821,0.1306,1.9164,-4.5671,2.8909,-0.2963,-1.2751,3.8575,
17.389715,-0.6771,0.8438,-0.1607,1.9164,-4.5671,2.8909,-0.2963,-1.2751,3.8575,
17.390412,-0.6771,0.8438,-0.1607,-2.4177,-2.3634,2.9985,-0.2963,-1.2751,3.8575,
17.391105,-0.6771,0.8438,-0.1607,-2.4177,-2.3634,2.9985,-0.4099,-2.0309,5.9110,
17.445443,-0.8226,1.1161,-0.1470,-2.4177,-2.3634,2.9985,-0.4099,-2.0309,5.9110,
17.447102,-1.0209,1.3913,-0.1238,-2.4177,-2.3634,2.9985,-0.4099,-2.0309,5.9110,
17.447851,-1.0470,1.4887,-0.1528,-2.4177,-2.3634,2.9985,-0.4099,-2.0309,5.9110,
17.448483,-1.0470,1.4887,-0.1528,-2.4177,-2.3634,2.9985,-0.1417,-5.4092,6.9792,
17.449288,-1.0470,1.4887,-0.1528,-9.5913,3.7350,0.9546,-0.1417,-5.4092,6.9792,
17.504132,-0.8504,1.4635,-0.1450,-9.5913,3.7350,0.9546,-0.1417,-5.4092,6.9792,
17.505545,-0.6473,1.3798,0.0093,-9.5913,3.7350,0.9546,-0.1417,-5.4092,6.9792,
17.506313,-0.3218,1.3375,0.1587,-9.5913,3.7350,0.9546,-0.1417,-5.4092,6.9792,
17.506906,-0.3218,1.3375,0.1587,-9.5913,3.7350,0.9546,0.2223,-9.3359,6.1093,
17.507500,-0.3218,1.3375,0.1587,-7.7782,4.7175,3.1616,0.2223,-9.3359,6.1093,
17.562055,-0.1240,1.1815,0.3987,-7.7782,4.7175,3.1616,0.2223,-9.3359,6.1093,
17.563301,-0.1673,0.8883,0.3746,-7.7782,4.7175,3.1616,0.2223,-9.3359,6.1093,
17.563868,-0.4363,0.6573,0.3736,-7.7782,4.7175,3.1616,0.2223,-9.3359,6.1093,
17.564456,-0.4363,0.6573,0.3736,-7.7782,4.7175,3.1616,-0.7491,-5.4239,2.0399,
17.565291,-0.4363,0.6573,0.3736,-4.1604,0.0565,6.9504,-0.7491,-5.4239,2.0399,
17.624621,-1.1647,0.9566,-0.2769,-4.1604,0.0565,6.9504,-0.7491,-5.4239,2.0399,
17.626205,-1.8991,1.9030,0.1956,-4.1604,0.0565,6.9504,-0.7491,-5.4239,2.0399,
17.627116,-0.5093,1.3095,0.7564,-4.1604,0.0565,6.9504,-0.7491,-5.4239,2.0399,
17.627910,-0.5093,1.3095,0.7564,-4.1604,0.0565,6.9504,-0.6640,-1.1649,-1.5326,
17.628600,-0.5093,1.3095,0.7564,-12.2271,4.4662,5.0903,-0.6640,-1.1649,-1.5326,
17.679014,0.9640,0.9566,-0.3282,-12.2271,4.4662,5.0903,-0.6640,-1.1649,-1.5326,
17.680751,0.8167,1.4674,-1.1371,-12.2271,4.4662,5.0903,-0.6640,-1.1649,-1.5326,
17.681590,-0.1087,1.3663,-0.6068,-12.2271,4.4662,5.0903,-0.6640,-1.1649,-1.5326,
17.682324,-0.1087,1.3663,-0.6068,-12.2271,4.4662,5.0903,-0.6276,-0.8650,-0.6811,
17.683174,-0.1087,1.3663,-0.6068,5.3206,3.0649,-4.1370,-0.6276,-0.8650,-0.6811,
17.736982,-0.5484,0.8426,-0.2493,5.3206,3.0649,-4.1370,-0.6276,-0.8650,-0.6811,
17.738508,-0.3018,0.8629,0.0571,5.3206,3.0649,-4.1370,-0.6276,-0.8650,-0.6811,
17.739229,-0.0684,0.9989,0.0552,5.3206,3.0649,-4.1370,-0.6276,-0.8650,-0.6811,
17.740909,-0.0684,0.9989,0.0552,5.3206,3.0649,-4.1370,-0.6589,-0.8778,-0.4795,
17.741849,-0.0684,0.9989,0.0552,-2.7088,-0.5661,1.7906,-0.6589,-0.8778,-0.4795,
17.795385,0.1113,1.0423,-0.0532,-2.7088,-0.5661,1.7906,-0.6589,-0.8778,-0.4795,
17.796801,0.0183,0.9950,-0.1643,-2.7088,-0.5661,1.7906,-0.6589,-0.8778,-0.4795,
17.797571,-0.1724,0.9713,-0.3138,-2.7088,-0.5661,1.7906,-0.6589,-0.8778,-0.4795,
17.799454,-0.1724,0.9713,-0.3138,-2.7088,-0.5661,1.7906,-0.2342,-0.4317,-0.0407,
17.800492,-0.1724,0.9713,-0.3138,0.2251,0.3922,0.3590,-0.2342,-0.4317,-0.0407,
17.853968,-0.2317,0.9715,-0.2771,0.2251,0.3922,0.3590,-0.2342,-0.4317,-0.0407,
17.855407,-0.1524,0.9723,-0.2002,0.2251,0.3922,0.3590,-0.2342,-0.4317,-0.0407,
17.855955,-0.0884,0.9684,-0.1582,0.2251,0.3922,0.3590,-0.2342,-0.4317,-0.0407,
17.856484,-0.0884,0.9684,-0.1582,0.2251,0.3922,0.3590,-0.1998,-0.4410,0.1603,
17.858149,-0.0884,0.9684,-0.1582,-1.1945,0.0492,-0.0992,-0.1998,-0.4410,0.1603,
17.912149,-0.0552,0.9386,-0.1453,-1.1945,0.0492,-0.0992,-0.1998,-0.4410,0.1603,
17.913491,0.0461,0.9518,-0.1621,-1.1945,0.0492,-0.0992,-0.1998,-0.4410,0.1603,
17.914299,0.1301,0.9720,-0.1140,-1.1945,0.0492,-0.0992,-0.1998,-0.4410,0.1603,
17.915501,0.1301,0.9720,-0.1140,-1.1945,0.0492,-0.0992,-0.1167,-0.5874,0.3297,
17.917014,0.1301,0.9720,-0.1140,0.6181,-0.1301,0.5169,-0.1167,-0.5874,0.3297,
17.970253,0.0581,0.9571,-0.0786,0.6181,-0.1301,0.5169,-0.1167,-0.5874,0.3297,
17.971640,-0.0606,0.9627,-0.1370,0.6181,-0.1301,0.5169,-0.1167,-0.5874,0.3297,
17.972360,-0.0657,0.9925,-0.1126,0.6181,-0.1301,0.5169,-0.1167,-0.5874,0.3297,
17.973573,-0.0657,0.9925,-0.1126,0.6181,-0.1301,0.5169,0.0969,-0.5897,0.0076,
17.974417,-0.0657,0.9925,-0.1126,0.0603,0.0435,0.8526,0.0969,-0.5897,0.0076,
18.028613,0.0088,0.9688,-0.0364,0.0603,0.0435,0.8526,0.0969,-0.5897,0.0076,
18.030038,0.0649,0.9522,-0.0803,0.0603,0.0435,0.8526,0.0969,-0.5897,0.0076,
18.030568,-0.0156,0.9781,-0.2466,0.0603,0.0435,0.8526,0.0969,-0.5897,0.0076,
18.031173,-0.0156,0.9781,-0.2466,0.0603,0.0435,0.8526,0.4142,-0.6216,-0.0668,
18.032531,-0.0156,0.9781,-0.2466,0.5730,0.0500,0.9379,0.4142,-0.6216,-0.0668,
18.087158,-0.1257,0.9906,-0.2786,0.5730,0.0500,0.9379,0.4142,-0.6216,-0.0668,
18.088350,-0.1248,0.9845,-0.1773,0.5730,0.0500,0.9379,0.4142,-0.6216,-0.0668,
18.089091,-0.0344,0.9784,-0.1568,0.5730,0.0500,0.9379,0.4142,-0.6216,-0.0668,
18.089589,-0.0344,0.9784,-0.1568,0.5730,0.0500,0.9379,0.5685,-0.3048,-0.0953,
18.091219,-0.0344,0.9784,-0.1568,-0.4480,0.2999,0.4201,0.5685,-0.3048,-0.0953,
18.145317,0.0059,0.9767,-0.1555,-0.4480,0.2999,0.4201,0.5685,-0.3048,-0.0953,
18.146455,0.0139,0.9581,-0.2698,-0.4480,0.2999,0.4201,0.5685,-0.3048,-0.0953,
18.147083,-0.1101,0.9554,-0.3162,-0.4480,0.2999,0.4201,0.5685,-0.3048,-0.0953,
18.147589,-0.1101,0.9554,-0.3162,-0.4480,0.2999,0.4201,0.8426,-0.0714,-0.0698,
18.149140,-0.1101,0.9554,-0.3162,0.2320,0.2218,0.4455,0.8426,-0.0714,-0.0698,
18.203773,-0.1890,0.9835,-0.3125,0.2320,0.2218,0.4455,0.8426,-0.0714,-0.0698,
18.204998,-0.0945,0.9786,-0.3113,0.2320,0.2218,0.4455,0.8426,-0.0714,-0.0698,
18.205580,0.0315,1.0047,-0.2486,0.2320,0.2218,0.4455,0.8426,-0.0714,-0.0698,
18.206071,0.0315,1.0047,-0.2486,0.2320,0.2218,0.4455,1.0725,0.0707,0.0540,
18.207462,0.0315,1.0047,-0.2486,-0.3324,0.6569,0.5812,1.0725,0.0707,0.0540,
18.261848,0.0674,1.0995,-0.1743,-0.3324,0.6569,0.5812,1.0725,0.0707,0.0540,
18.263091,0.2439,1.1573,-0.2092,-0.3324,0.6569,0.5812,1.0725,0.0707,0.0540,
18.263638,0.4654,1.3451,-0.1956,-0.3324,0.6569,0.5812,1.0725,0.0707,0.0540,
18.265126,0.4654,1.3451,-0.1956,-0.3324,0.6569,0.5812,1.8422,-0.9110,0.0285,
18.265966,0.4654,1.3451,-0.1956,3.1692,3.0967,2.4164,1.8422,-0.9110,0.0285,
18.320461,0.5767,1.5707,-0.1865,3.1692,3.0967,2.4164,1.8422,-0.9110,0.0285,
18.321730,0.4556,1.5722,-0.2029,3.1692,3.0967,2.4164,1.8422,-0.9110,0.0285,
18.322228,-0.0532,1.4638,-0.0322,3.1692,3.0967,2.4164,1.8422,-0.9110,0.0285,
18.322713,-0.0532,1.4638,-0.0322,3.1692,3.0967,2.4164,2.7072,-1.0529,-0.6501,
18.323269,-0.0532,1.4638,-0.0322,4.3710,7.0763,4.1126,2.7072,-1.0529,-0.6501,
18.378684,-0.7166,1.3510,0.1179,4.3710,7.0763,4.1126,2.7072,-1.0529,-0.6501,
18.380084,-1.2076,1.3529,-0.0344,4.3710,7.0763,4.1126,2.7072,-1.0529,-0.6501,
18.380646,-1.0155,1.1849,-0.1370,4.3710,7.0763,4.1126,2.7072,-1.0529,-0.6501,
18.381164,-1.0155,1.1849,-0.1370,4.3710,7.0763,4.1126,2.4968,-3.0163,-0.9063,
18.382327,-1.0155,1.1849,-0.1370,-6.8680,5.5976,5.9737,2.4968,-3.0163,-0.9063,
18.437304,-0.7957,0.9637,-0.3894,-6.8680,5.5976,5.9737,2.4968,-3.0163,-0.9063,
18.438546,-0.4270,1.1788,-0.5643,-6.8680,5.5976,5.9737,2.4968,-3.0163,-0.9063,
18.439324,0.0735,1.0433,-0.2161,-6.8680,5.5976,5.9737,2.4968,-3.0163,-0.9063,
18.439999,0.0735,1.0433,-0.2161,-6.8680,5.5976,5.9737,1.7102,-4.6915,0.3932,
18.440626,0.0735,1.0433,-0.2161,0.4862,3.7573,2.0053,1.7102,-4.6915,0.3932,
18.495237,0.1133,0.7374,0.1441,0.4862,3.7573,2.0053,1.7102,-4.6915,0.3932,
18.496364,-0.1990,0.5843,0.2241,0.4862,3.7573,2.0053,1.7102,-4.6915,0.3932,
18.496915,-0.3782,0.5491,0.1331,0.4862,3.7573,2.0053,1.7102,-4.6915,0.3932,
18.498030,-0.3782,0.5491,0.1331,0.4862,3.7573,2.0053,0.3818,-4.4577,1.1472,
18.498715,-0.3782,0.5491,0.1331,3.6054,-0.7229,6.2669,0.3818,-4.4577,1.1472,
18.553727,-0.3636,0.5779,0.0869,3.6054,-0.7229,6.2669,0.3818,-4.4577,1.1472,
18.554913,-0.3225,0.6321,0.0418,3.6054,-0.7229,6.2669,0.3818,-4.4577,1.1472,
18.555521,-0.2950,0.7005,-0.0171,3.6054,-0.7229,6.2669,0.3818,-4.4577,1.1472,
18.556076,-0.2950,0.7005,-0.0171,3.6054,-0.7229,6.2669,-0.1696,-2.7809,2.9743,
18.557815,-0.2950,0.7005,-0.0171,1.3128,-1.4611,4.0432,-0.1696,-2.7809,2.9743,
18.611983,-0.1861,0.7584,-0.0278,1.3128,-1.4611,4.0432,-0.1696,-2.7809,2.9743,
18.613336,-0.1455,0.8385,-0.0388,1.3128,-1.4611,4.0432,-0.1696,-2.7809,2.9743,
18.614064,-0.1887,0.9388,-0.0989,1.3128,-1.4611,4.0432,-0.1696,-2.7809,2.9743,
18.614716,-0.1887,0.9388,-0.0989,1.3128,-1.4611,4.0432,-0.9021,-1.3404,4.5581,
18.616627,-0.1887,0.9388,-0.0989,0.8587,-0.5398,2.3588,-0.9021,-1.3404,4.5581,
18.670440,-0.2388,1.0370,-0.1577,0.8587,-0.5398,2.3588,-0.9021,-1.3404,4.5581,
18.671999,-0.2820,1.1451,-0.2051,0.8587,-0.5398,2.3588,-0.9021,-1.3404,4.5581,
18.672719,-0.2918,1.2811,-0.2339,0.8587,-0.5398,2.3588,-0.9021,-1.3404,4.5581,
18.673496,-0.2918,1.2811,-0.2339,0.8587,-0.5398,2.3588,-1.9627,-0.8906,5.1774,
18.674324,-0.2918,1.2811,-0.2339,-2.7077,1.8138,-0.1771,-1.9627,-0.8906,5.1774,
18.728932,-0.2290,1.4596,-0.1931,-2.7077,1.8138,-0.1771,-1.9627,-0.8906,5.1774,
18.730446,-0.2500,1.5981,-0.2759,-2.7077,1.8138,-0.1771,-1.9627,-0.8906,5.1774,
18.731316,-0.5950,1.3915,-0.2693,-2.7077,1.8138,-0.1771,-1.9627,-0.8906,5.1774,
18.732061,-0.5950,1.3915,-0.2693,-2.7077,1.8138,-0.1771,-2.4327,-0.8493,5.5101,
18.732744,-0.5950,1.3915,-0.2693,-6.4256,5.2813,-1.8700,-2.4327,-0.8493,5.5101,
18.787442,-1.0355,1.2794,-0.1812,-6.4256,5.2813,-1.8700,-2.4327,-0.8493,5.5101,
18.789532,-1.2973,1.1984,-0.2952,-6.4256,5.2813,-1.8700,-2.4327,-0.8493,5.5101,
18.790455,-1.1527,0.8446,-0.3875,-6.4256,5.2813,-1.8700,-2.4327,-0.8493,5.5101,
18.791285,-1.1527,0.8446,-0.3875,-6.4256,5.2813,-1.8700,-1.7257,0.3712,2.7233,
18.792014,-1.1527,0.8446,-0.3875,-15.4640,2.1350,-3.2176,-1.7257,0.3712,2.7233,
18.847396,-1.1053,0.5931,-0.4590,-15.4640,2.1350,-3.2176,-1.7257,0.3712,2.7233,
18.849643,-1.0694,0.8197,-0.7711,-15.4640,2.1350,-3.2176,-1.7257,0.3712,2.7233,
18.850727,-0.1065,1.7297,-0.6705,-15.4640,2.1350,-3.2176,-1.7257,0.3712,2.7233,
18.851562,-0.1065,1.7297,-0.6705,-15.4640,2.1350,-3.2176,-0.2112,-0.6471,-1.4650,
18.852343,-0.1065,1.7297,-0.6705,-10.6092,1.2154,-6.4578,-0.2112,-0.6471,-1.4650,
18.904643,2.4971,1.9436,0.8311,-10.6092,1.2154,-6.4578,-0.2112,-0.6471,-1.4650,
18.906324,1.6232,1.4125,-0.1638,-10.6092,1.2154,-6.4578,-0.2112,-0.6471,-1.4650,
18.907207,-1.0089,1.0868,-1.0314,-10.6092,1.2154,-6.4578,-0.2112,-0.6471,-1.4650,
18.908208,-1.0089,1.0868,-1.0314,-10.6092,1.2154,-6.4578,0.1881,-2.1376,-1.8835,
18.909188,-1.0089,1.0868,-1.0314,7.8797,5.0851,-0.9933,0.1881,-2.1376,-1.8835,
18.963119,-1.0299,0.8473,-0.2505,7.8797,5.0851,-0.9933,0.1881,-2.1376,-1.8835,
18.964660,-0.3509,0.6778,0.5999,7.8797,5.0851,-0.9933,0.1881,-2.1376,-1.8835,
18.965169,-0.0833,0.9124,0.3560,7.8797,5.0851,-0.9933,0.1881,-2.1376,-1.8835,
18.965669,-0.0833,0.9124,0.3560,7.8797,5.0851,-0.9933,-0.1057,-0.5239,-2.4451,
18.966447,-0.0833,0.9124,0.3560,-5.6009,-1.6670,2.4597,-0.1057,-0.5239,-2.4451,
19.020847,0.2354,1.1068,0.0513,-5.6009,-1.6670,2.4597,-0.1057,-0.5239,-2.4451,
19.022187,-0.0371,1.0609,-0.0603,-5.6009,-1.6670,2.4597,-0.1057,-0.5239,-2.4451,
19.022909,-0.3509,1.0013,0.0276,-5.6009,-1.6670,2.4597,-0.1057,-0.5239,-2.4451,
19.023434,-0.3509,1.0013,0.0276,-0.4822,0.6797,0.3529,-0.1057,-0.5239,-2.4451,
19.024774,-0.3509,1.0013,0.0276,-0.4822,0.6797,0.3529,0.2570,0.2383,-1.4738,
19.078922,-0.2437,1.0426,-0.2256,-0.4822,0.6797,0.3529,0.2570,0.2383,-1.4738,
19.080318,0.0623,1.0543,-0.1284,-0.4822,0.6797,0.3529,0.2570,0.2383,-1.4738,
19.080729,0.0762,1.0184,0.0405,-0.4822,0.6797,0.3529,0.2570,0.2383,-1.4738,
19.081290,0.0762,1.0184,0.0405,-0.4822,0.6797,0.3529,0.2372,-0.4286,-1.0743,
19.083613,0.0762,1.0184,0.0405,0.2825,0.5205,-0.5985,0.2372,-0.4286,-1.0743,
19.136952,-0.1673,0.9991,-0.0322,0.2825,0.5205,-0.5985,0.2372,-0.4286,-1.0743,
19.137881,-0.2176,0.9664,-0.0393,0.2825,0.5205,-0.5985,0.2372,-0.4286,-1.0743,
19.138294,-0.1482,0.9886,-0.0352,0.2825,0.5205,-0.5985,0.2372,-0.4286,-1.0743,
19.138701,-0.1482,0.9886,-0.0352,0.2825,0.5205,-0.5985,0.2423,-0.0743,-1.0997,
19.140698,-0.1482,0.9886,-0.0352,-0.4874,0.0601,0.2065,0.2423,-0.0743,-1.0997,
19.195654,-0.1900,0.9991,-0.0415,-0.4874,0.0601,0.2065,0.2423,-0.0743,-1.0997,
19.196776,-0.2407,1.0116,-0.0369,-0.4874,0.0601,0.2065,0.2423,-0.0743,-1.0997,
19.197405,-0.2200,1.0182,-0.0554,-0.4874,0.0601,0.2065,0.2423,-0.0743,-1.0997,
19.197961,-0.2200,1.0182,-0.0554,-0.4874,0.0601,0.2065,0.2156,0.1049,-0.9436,
19.198535,-0.2200,1.0182,-0.0554,-0.3445,0.3888,0.2437,0.2156,0.1049,-0.9436,
19.253956,-0.2058,1.0116,-0.0906,-0.3445,0.3888,0.2437,0.2156,0.1049,-0.9436,
19.255265,-0.1795,1.0162,-0.0957,-0.3445,0.3888,0.2437,0.2156,0.1049,-0.9436,
19.255865,-0.1272,1.0304,-0.0859,-0.3445,0.3888,0.2437,0.2156,0.1049,-0.9436,
19.256301,-0.1272,1.0304,-0.0859,-0.3445,0.3888,0.2437,0.2472,0.0784,-0.8880,
19.256899,-0.1272,1.0304,-0.0859,0.5832,0.5903,-0.0620,0.2472,0.0784,-0.8880,
19.311945,-0.0899,1.0113,-0.0491,0.5832,0.5903,-0.0620,0.2472,0.0784,-0.8880,
19.313073,-0.0852,0.9557,0.0059,0.5832,0.5903,-0.0620,0.2472,0.0784,-0.8880,
19.313478,-0.1152,0.9803,0.0544,0.5832,0.5903,-0.0620,0.2472,0.0784,-0.8880,
19.313883,-0.1152,0.9803,0.0544,0.5832,0.5903,-0.0620,0.3390,0.4592,-1.2225,
19.315457,-0.1152,0.9803,0.0544,1.9144,0.4237,1.0993,0.3390,0.4592,-1.2225,
19.370804,-0.1909,1.1305,0.0391,1.9144,0.4237,1.0993,0.3390,0.4592,-1.2225,
19.372033,-0.1079,1.2460,-0.0049,1.9144,0.4237,1.0993,0.3390,0.4592,-1.2225,
19.372528,0.0310,1.2626,-0.0381,1.9144,0.4237,1.0993,0.3390,0.4592,-1.2225,
19.373104,0.0310,1.2626,-0.0381,1.9144,0.4237,1.0993,0.7206,0.3252,-1.7234,
19.373650,0.0310,1.2626,-0.0381,2.8229,3.0187,1.4655,0.7206,0.3252,-1.7234,
19.428697,0.1035,1.3302,-0.0559,2.8229,3.0187,1.4655,0.7206,0.3252,-1.7234,
19.430118,0.1472,1.4162,-0.1416,2.8229,3.0187,1.4655,0.7206,0.3252,-1.7234,
19.430685,0.1109,1.6183,-0.2307,2.8229,3.0187,1.4655,0.7206,0.3252,-1.7234,
19.431239,0.1109,1.6183,-0.2307,2.8229,3.0187,1.4655,1.1953,0.8208,-2.4657,
19.431768,0.1109,1.6183,-0.2307,5.9129,6.0329,0.8640,1.1953,0.8208,-2.4657,
19.487479,0.4263,1.9104,-0.1382,5.9129,6.0329,0.8640,1.1953,0.8208,-2.4657,
19.489082,0.9969,1.8249,-0.0347,5.9129,6.0329,0.8640,1.1953,0.8208,-2.4657,
19.489755,0.5650,1.2726,-0.0291,5.9129,6.0329,0.8640,1.1953,0.8208,-2.4657,
19.490284,0.5650,1.2726,-0.0291,5.9129,6.0329,0.8640,1.0965,1.5353,-2.6402,
19.490857,0.5650,1.2726,-0.0291,11.9692,8.9617,2.5283,1.0965,1.5353,-2.6402,
19.545373,-0.6277,1.0265,-0.1565,11.9692,8.9617,2.5283,1.0965,1.5353,-2.6402,
19.546708,-1.1610,1.3769,-0.1821,11.9692,8.9617,2.5283,1.0965,1.5353,-2.6402,
19.547277,-0.8871,1.2294,-0.2976,11.9692,8.9617,2.5283,1.0965,1.5353,-2.6402,
19.547766,-0.8871,1.2294,-0.2976,11.9692,8.9617,2.5283,1.2333,2.8473,-3.4005,
19.548426,-0.8871,1.2294,-0.2976,-2.5486,5.8160,2.5270,1.2333,2.8473,-3.4005,
19.604126,-0.6697,0.6839,-0.3396,-2.5486,5.8160,2.5270,1.2333,2.8473,-3.4005,
19.605350,-0.6258,0.4888,-0.3758,-2.5486,5.8160,2.5270,1.2333,2.8473,-3.4005,
19.605958,-0.4859,0.4034,-0.5274,-2.5486,5.8160,2.5270,1.2333,2.8473,-3.4005,
19.606519,-0.4859,0.4034,-0.5274,-2.5486,5.8160,2.5270,-0.0122,0.5252,-0.8248,
19.607242,-0.4859,0.4034,-0.5274,0.5021,-0.5962,0.7220,-0.0122,0.5252,-0.8248,
19.661854,-0.2503,0.3030,-0.2044,0.5021,-0.5962,0.7220,-0.0122,0.5252,-0.8248,
19.664056,-0.1240,0.1216,-0.0837,0.5021,-0.5962,0.7220,-0.0122,0.5252,-0.8248,
19.664726,-0.1050,0.1384,-0.1365,0.5021,-0.5962,0.7220,-0.0122,0.5252,-0.8248,
19.665449,-0.1050,0.1384,-0.1365,0.5021,-0.5962,0.7220,-1.9560,-0.2920,2.0725,
19.666129,-0.1050,0.1384,-0.1365,3.9887,-5.0437,2.5276,-1.9560,-0.2920,2.0725,
19.720797,-0.1702,0.3140,-0.2583,3.9887,-5.0437,2.5276,-1.9560,-0.2920,2.0725,
19.722221,-0.1807,0.4918,-0.3897,3.9887,-5.0437,2.5276,-1.9560,-0.2920,2.0725,
19.722928,-0.1148,0.6109,-0.3362,3.9887,-5.0437,2.5276,-1.9560,-0.2920,2.0725,
19.723591,-0.1148,0.6109,-0.3362,3.9887,-5.0437,2.5276,-2.3460,-0.5188,4.0812,
19.724271,-0.1148,0.6109,-0.3362,2.2547,-3.7706,-0.4874,-2.3460,-0.5188,4.0812,
19.779116,-0.1394,0.6646,-0.2327,2.2547,-3.7706,-0.4874,-2.3460,-0.5188,4.0812,
19.780672,-0.2173,0.8014,-0.1792,2.2547,-3.7706,-0.4874,-2.3460,-0.5188,4.0812,
19.781310,-0.2051,1.0929,-0.2678,2.2547,-3.7706,-0.4874,-2.3460,-0.5188,4.0812,
19.781902,-0.2051,1.0929,-0.2678,2.2547,-3.7706,-0.4874,-2.7746,0.2112,5.7880,
19.782564,-0.2051,1.0929,-0.2678,-1.1167,-1.1137,-0.9221,-2.7746,0.2112,5.7880,
19.837082,-0.2117,1.5763,-0.3792,-1.1167,-1.1137,-0.9221,-2.7746,0.2112,5.7880,
19.838566,-0.4439,2.1545,-0.4896,-1.1167,-1.1137,-0.9221,-2.7746,0.2112,5.7880,
19.839466,-0.8072,2.1892,-0.4383,-1.1167,-1.1137,-0.9221,-2.7746,0.2112,5.7880,
19.840410,-0.8072,2.1892,-0.4383,-1.1167,-1.1137,-0.9221,-3.1360,0.5848,6.1619,
19.841502,-0.8072,2.1892,-0.4383,-7.3494,9.9806,-4.6633,-3.1360,0.5848,6.1619,
19.895320,-0.8888,1.4474,-0.0737,-7.3494,9.9806,-4.6633,-3.1360,0.5848,6.1619,
19.896767,-0.8448,0.9530,-0.1729,-7.3494,9.9806,-4.6633,-3.1360,0.5848,6.1619,
19.897284,-0.8951,0.9161,-0.5294,-7.3494,9.9806,-4.6633,-3.1360,0.5848,6.1619,
19.897970,-0.8951,0.9161,-0.5294,-12.7922,2.2997,-4.0836,-3.1360,0.5848,6.1619,
19.899425,-0.8951,0.9161,-0.5294,-12.7922,2.2997,-4.0836,-2.2342,0.2867,3.5667,
19.953624,-1.0536,0.6802,-0.4436,-12.7922,2.2997,-4.0836,-2.2342,0.2867,3.5667,
19.955341,-1.0167,0.5574,-0.4065,-12.7922,2.2997,-4.0836,-2.2342,0.2867,3.5667,
19.956278,-0.7601,1.1092,-0.6605,-12.7922,2.2997,-4.0836,-2.2342,0.2867,3.5667,
19.957100,-0.7601,1.1092,-0.6605,-12.6494,-1.1636,-6.0588,-2.2342,0.2867,3.5667,
19.959047,-0.7601,1.1092,-0.6605,-12.6494,-1.1636,-6.0588,-0.0092,-1.3673,-1.3928,
20.011912,0.6749,1.6501,0.1067,-12.6494,-1.1636,-6.0588,-0.0092,-1.3673,-1.3928,
20.013687,2.7967,1.5229,0.2928,-12.6494,-1.1636,-6.0588,-0.0092,-1.3673,-1.3928,
20.014522,1.6130,1.4132,-0.5894,-12.6494,-1.1636,-6.0588,-0.0092,-1.3673,-1.3928,
20.015260,1.6130,1.4132,-0.5894,-12.6494,-1.1636,-6.0588,-0.1006,-3.1089,-1.0295,
20.015973,1.6130,1.4132,-0.5894,13.3604,5.8641,-1.2000,-0.1006,-3.1089,-1.0295,
20.070174,-0.8744,1.5224,-0.5743,13.3604,5.8641,-1.2000,-0.1006,-3.1089,-1.0295,
20.071746,-1.2301,1.1239,-0.1966,13.3604,5.8641,-1.2000,-0.1006,-3.1089,-1.0295,
20.072576,-0.0532,0.6883,0.4600,13.3604,5.8641,-1.2000,-0.1006,-3.1089,-1.0295,
20.073234,-0.0532,0.6883,0.4600,13.3604,5.8641,-1.2000,0.1427,0.2570,-3.2215,
20.074507,-0.0532,0.6883,0.4600,-8.3878,1.3020,-1.4993,0.1427,0.2570,-3.2215,
20.129045,0.0969,0.7935,0.3614,-8.3878,1.3020,-1.4993,0.1427,0.2570,-3.2215,
20.130397,-0.1018,1.0138,0.0859,-8.3878,1.3020,-1.4993,0.1427,0.2570,-3.2215,
20.131064,-0.2967,1.1088,-0.0740,-8.3878,1.3020,-1.4993,0.1427,0.2570,-3.2215,
20.131584,-0.2967,1.1088,-0.0740,-8.3878,1.3020,-1.4993,0.2893,-0.2297,-1.7137,
20.132143,-0.2967,1.1088,-0.0740,-1.3417,-0.1552,0.8919,0.2893,-0.2297,-1.7137,
20.186938,-0.1270,1.0716,-0.0945,-1.3417,-0.1552,0.8919,0.2893,-0.2297,-1.7137,
20.188197,0.1170,1.0651,-0.0938,-1.3417,-0.1552,0.8919,0.2893,-0.2297,-1.7137,
20.188804,-0.0178,1.0546,0.0464,-1.3417,-0.1552,0.8919,0.2893,-0.2297,-1.7137,
20.189648,-0.0178,1.0546,0.0464,-1.3417,-0.1552,0.8919,0.2077,0.2022,-1.2060,
20.190150,-0.0178,1.0546,0.0464,0.2327,0.7271,-0.6610,0.2077,0.2022,-1.2060,
20.245275,-0.2683,0.9781,0.1067,0.2327,0.7271,-0.6610,0.2077,0.2022,-1.2060,
20.246407,-0.1629,0.9791,0.1170,0.2327,0.7271,-0.6610,0.2077,0.2022,-1.2060,
20.247041,0.0982,0.9923,0.0686,0.2327,0.7271,-0.6610,0.2077,0.2022,-1.2060,
20.247614,0.0982,0.9923,0.0686,0.2327,0.7271,-0.6610,0.2899,-0.2600,-1.0281,
20.248344,0.0982,0.9923,0.0686,-0.1822,-0.0273,0.8950,0.2899,-0.2600,-1.0281,
20.303576,0.0752,0.9674,0.0142,-0.1822,-0.0273,0.8950,0.2899,-0.2600,-1.0281,
20.304910,-0.1328,0.9833,-0.0044,-0.1822,-0.0273,0.8950,0.2899,-0.2600,-1.0281,
20.305412,-0.2217,1.0145,-0.0491,-0.1822,-0.0273,0.8950,0.2899,-0.2600,-1.0281,
20.305897,-0.2217,1.0145,-0.0491,-0.1822,-0.0273,0.8950,0.3445,0.2159,-1.1763,
20.306404,-0.2217,1.0145,-0.0491,0.6416,0.1075,0.0218,0.3445,0.2159,-1.1763,
20.361844,-0.2092,1.0091,-0.0386,0.6416,0.1075,0.0218,0.3445,0.2159,-1.1763,
20.362988,-0.1592,1.0060,0.0044,0.6416,0.1075,0.0218,0.3445,0.2159,-1.1763,
20.363581,-0.1360,1.0143,-0.0159,0.6416,0.1075,0.0218,0.3445,0.2159,-1.1763,
20.364788,-0.1360,1.0143,-0.0159,0.6416,0.1075,0.0218,0.3797,0.2586,-1.1584,
20.365471,-0.1360,1.0143,-0.0159,0.5363,0.4425,0.2222,0.3797,0.2586,-1.1584,
20.420246,-0.1326,0.9791,-0.0742,0.5363,0.4425,0.2222,0.3797,0.2586,-1.1584,
20.421217,-0.1411,0.9332,-0.0789,0.5363,0.4425,0.2222,0.3797,0.2586,-1.1584,
20.421647,-0.1856,0.9415,-0.0952,0.5363,0.4425,0.2222,0.3797,0.2586,-1.1584,
20.422303,-0.1856,0.9415,-0.0952,0.5363,0.4425,0.2222,0.4068,0.4861,-1.3681,
20.423583,-0.1856,0.9415,-0.0952,1.3914,0.0839,-0.1283,0.4068,0.4861,-1.3681,
20.478721,-0.2566,0.9925,-0.1133,1.3914,0.0839,-0.1283,0.4068,0.4861,-1.3681,
20.480076,-0.2676,1.0643,-0.0840,1.3914,0.0839,-0.1283,0.4068,0.4861,-1.3681,
20.480495,-0.2154,1.1322,-0.0588,1.3914,0.0839,-0.1283,0.4068,0.4861,-1.3681,
20.481084,-0.2154,1.1322,-0.0588,1.3914,0.0839,-0.1283,0.5149,0.2395,-1.6314,
20.483609,-0.2154,1.1322,-0.0588,1.3057,1.4949,0.1611,0.5149,0.2395,-1.6314,
20.537185,-0.1060,1.1515,-0.0354,1.3057,1.4949,0.1611,0.5149,0.2395,-1.6314,
20.538506,-0.0339,1.1698,-0.0171,1.3057,1.4949,0.1611,0.5149,0.2395,-1.6314,
20.539294,-0.0518,1.3248,-0.0381,1.3057,1.4949,0.1611,0.5149,0.2395,-1.6314,
20.539868,-0.0518,1.3248,-0.0381,4.0438,3.4819,1.0836,0.5149,0.2395,-1.6314,
20.541791,-0.0518,1.3248,-0.0381,4.0438,3.4819,1.0836,0.7803,0.0302,-2.0171,
20.595381,0.1013,1.7160,-0.0437,4.0438,3.4819,1.0836,0.7803,0.0302,-2.0171,
20.596556,0.7471,1.9760,-0.0352,4.0438,3.4819,1.0836,0.7803,0.0302,-2.0171,
20.597098,1.2054,1.7243,-0.3138,4.0438,3.4819,1.0836,0.7803,0.0302,-2.0171,
20.597643,1.2054,1.7243,-0.3138,4.0438,3.4819,1.0836,0.8776,1.4506,-2.4685,
20.599101,1.2054,1.7243,-0.3138,12.1732,9.9350,0.9372,0.8776,1.4506,-2.4685,
20.653634,0.3619,1.1962,-0.2464,12.1732,9.9350,0.9372,0.8776,1.4506,-2.4685,
20.654923,-0.8670,0.8936,-0.2825,12.1732,9.9350,0.9372,0.8776,1.4506,-2.4685,
20.655461,-1.5448,1.2006,-0.3809,12.1732,9.9350,0.9372,0.8776,1.4506,-2.4685,
20.656042,-1.5448,1.2006,-0.3809,12.1732,9.9350,0.9372,1.0843,2.8452,-3.8696,
20.657078,-1.5448,1.2006,-0.3809,-0.1385,4.4681,0.6896,1.0843,2.8452,-3.8696,
20.711973,-1.3400,1.2411,-0.1948,-0.1385,4.4681,0.6896,1.0843,2.8452,-3.8696,
20.713122,-0.9332,0.7244,-0.2429,-0.1385,4.4681,0.6896,1.0843,2.8452,-3.8696,
20.713625,-0.7442,0.4893,-0.2427,-0.1385,4.4681,0.6896,1.0843,2.8452,-3.8696,
20.714914,-0.7442,0.4893,-0.2427,-0.1385,4.4681,0.6896,0.5192,0.2269,-1.5868,
20.715723,-0.7442,0.4893,-0.2427,-2.7523,2.4416,1.6729,0.5192,0.2269,-1.5868,
20.770292,-0.3440,0.3313,0.0796,-2.7523,2.4416,1.6729,0.5192,0.2269,-1.5868,
20.771554,0.1658,-0.0984,0.3509,-2.7523,2.4416,1.6729,0.5192,0.2269,-1.5868,
20.772035,0.3611,-0.3233,-0.0083,-2.7523,2.4416,1.6729,0.5192,0.2269,-1.5868,
20.772562,0.3611,-0.3233,-0.0083,-2.7523,2.4416,1.6729,-1.0090,-1.4435,2.3274,
20.773960,0.3611,-0.3233,-0.0083,7.0363,-6.8881,4.2615,-1.0090,-1.4435,2.3274,
20.828589,-0.0339,0.0598,-0.2762,7.0363,-6.8881,4.2615,-1.0090,-1.4435,2.3274,
20.830117,-0.3423,0.3702,-0.3462,7.0363,-6.8881,4.2615,-1.0090,-1.4435,2.3274,
20.830633,-0.5110,0.5213,-0.3670,7.0363,-6.8881,4.2615,-1.0090,-1.4435,2.3274,
20.831419,-0.5110,0.5213,-0.3670,7.0363,-6.8881,4.2615,-0.0631,-0.5740,4.3286,
20.833242,-0.5110,0.5213,-0.3670,1.7456,-4.8288,-0.5576,-0.0631,-0.5740,4.3286,
20.886907,-0.5762,0.5699,-0.2454,1.7456,-4.8288,-0.5576,-0.0631,-0.5740,4.3286,
20.888332,-0.6663,0.6986,-0.3711,1.7456,-4.8288,-0.5576,-0.0631,-0.5740,4.3286,
20.889605,-0.8893,1.0301,-0.4004,1.7456,-4.8288,-0.5576,-0.0631,-0.5740,4.3286,
20.890452,-0.8893,1.0301,-0.4004,1.7456,-4.8288,-0.5576,0.1443,-3.4009,6.6882,
20.892660,-0.8893,1.0301,-0.4004,-5.1400,-1.6360,-1.1700,0.1443,-3.4009,6.6882,
20.945353,-1.0355,1.2824,-0.4134,-5.1400,-1.6360,-1.1700,0.1443,-3.4009,6.6882,
20.946537,-1.1173,1.5536,-0.4939,-5.1400,-1.6360,-1.1700,0.1443,-3.4009,6.6882,
20.947096,-0.9466,1.6581,-0.3565,-5.1400,-1.6360,-1.1700,0.1443,-3.4009,6.6882,
20.947716,-0.9466,1.6581,-0.3565,-5.1400,-1.6360,-1.1700,1.4207,-9.0331,7.2175,
20.948407,-0.9466,1.6581,-0.3565,-10.7834,5.4723,-1.3404,1.4207,-9.0331,7.2175,
21.003492,-0.5814,1.4616,0.1658,-10.7834,5.4723,-1.3404,1.4207,-9.0331,7.2175,
21.004925,-0.2796,1.1976,0.4544,-10.7834,5.4723,-1.3404,1.4207,-9.0331,7.2175,
21.005639,-0.0625,0.9227,0.2857,-10.7834,5.4723,-1.3404,1.4207,-9.0331,7.2175,
21.006278,-0.0625,0.9227,0.2857,-10.7834,5.4723,-1.3404,0.7375,-8.7501,3.1201,
21.007734,-0.0625,0.9227,0.2857,-3.6126,2.7430,6.4722,0.7375,-8.7501,3.1201,
21.061837,-0.1738,0.9835,0.4332,-3.6126,2.7430,6.4722,0.7375,-8.7501,3.1201,
21.063084,-0.1858,0.8814,1.1674,-3.6126,2.7430,6.4722,0.7375,-8.7501,3.1201,
21.063651,-0.3106,1.0082,0.5560,-3.6126,2.7430,6.4722,0.7375,-8.7501,3.1201,
21.064573,-0.3106,1.0082,0.5560,-2.3518,0.2797,10.0478,0.7375,-8.7501,3.1201,
21.065306,-0.3106,1.0082,0.5560,-2.3518,0.2797,10.0478,-0.6768,-0.0358,-0.7027,
21.120172,-0.3611,1.6408,-0.4468,-2.3518,0.2797,10.0478,-0.6768,-0.0358,-0.7027,
21.121688,0.2197,1.8058,-0.8563,-2.3518,0.2797,10.0478,-0.6768,-0.0358,-0.7027,
21.122355,0.3042,1.2228,-0.5210,-2.3518,0.2797,10.0478,-0.6768,-0.0358,-0.7027,
21.123531,0.3042,1.2228,-0.5210,0.6893,5.9508,-3.2103,-0.6768,-0.0358,-0.7027,
21.124582,0.3042,1.2228,-0.5210,0.6893,5.9508,-3.2103,-0.5797,0.2189,-0.6876,
21.178736,0.1985,0.9862,-0.4334,0.6893,5.9508,-3.2103,-0.5797,0.2189,-0.6876,
21.180358,0.0476,0.8521,-0.0772,0.6893,5.9508,-3.2103,-0.5797,0.2189,-0.6876,
21.181243,-0.3372,0.8902,0.1670,0.6893,5.9508,-3.2103,-0.5797,0.2189,-0.6876,
21.182036,-0.3372,0.8902,0.1670,0.6893,5.9508,-3.2103,-0.5070,-1.3834,-0.5479,
21.182806,-0.3372,0.8902,0.1670,0.3593,-0.4463,1.2922,-0.5070,-1.3834,-0.5479,
21.237217,-0.4405,0.9725,0.1084,0.3593,-0.4463,1.2922,-0.5070,-1.3834,-0.5479,
21.238690,-0.3450,0.9657,-0.1253,0.3593,-0.4463,1.2922,-0.5070,-1.3834,-0.5479,
21.239416,-0.3179,0.9742,-0.3201,0.3593,-0.4463,1.2922,-0.5070,-1.3834,-0.5479,
21.239919,-0.3179,0.9742,-0.3201,0.3593,-0.4463,1.2922,-0.0839,-0.4559,-0.0953,
21.240526,-0.3179,0.9742,-0.3201,-2.7853,0.1440,1.2277,-0.0839,-0.4559,-0.0953,
21.295347,-0.2261,0.9723,-0.3626,-2.7853,0.1440,1.2277,-0.0839,-0.4559,-0.0953,
21.296669,-0.1074,0.9732,-0.3777,-2.7853,0.1440,1.2277,-0.0839,-0.4559,-0.0953,
21.297414,-0.0247,0.9901,-0.2742,-2.7853,0.1440,1.2277,-0.0839,-0.4559,-0.0953,
21.298994,-0.0247,0.9901,-0.2742,-2.7853,0.1440,1.2277,-0.0764,-0.8090,0.5250,
21.300317,-0.0247,0.9901,-0.2742,-0.5216,0.1839,-1.0450,-0.0764,-0.8090,0.5250,
21.354026,0.0117,0.9303,-0.2246,-0.5216,0.1839,-1.0450,-0.0764,-0.8090,0.5250,
21.355342,0.0261,0.9059,-0.1526,-0.5216,0.1839,-1.0450,-0.0764,-0.8090,0.5250,
21.355949,-0.0413,0.9432,-0.1350,-0.5216,0.1839,-1.0450,-0.0764,-0.8090,0.5250,
21.356478,-0.0413,0.9432,-0.1350,-0.5216,0.1839,-1.0450,-0.0770,-0.5243,0.4301,
21.357624,-0.0413,0.9432,-0.1350,0.4618,-0.3450,0.5270,-0.0770,-0.5243,0.4301,
21.411939,-0.0335,0.9813,-0.1839,0.4618,-0.3450,0.5270,-0.0770,-0.5243,0.4301,
21.413543,0.0566,1.0040,-0.1677,0.4618,-0.3450,0.5270,-0.0770,-0.5243,0.4301,
21.414180,0.0601,0.9735,-0.1216,0.4618,-0.3450,0.5270,-0.0770,-0.5243,0.4301,
21.414776,0.0601,0.9735,-0.1216,0.6490,0.2421,0.6805,-0.0770,-0.5243,0.4301,
21.415511,0.0601,0.9735,-0.1216,0.6490,0.2421,0.6805,0.0853,-0.3808,0.2438,
21.470919,-0.0562,0.9637,-0.1587,0.6490,0.2421,0.6805,0.0853,-0.3808,0.2438,
21.472102,-0.1629,0.9747,-0.1768,0.6490,0.2421,0.6805,0.0853,-0.3808,0.2438,
21.472508,-0.0649,0.9845,-0.1585,0.6490,0.2421,0.6805,0.0853,-0.3808,0.2438,
21.473002,-0.0649,0.9845,-0.1585,0.6490,0.2421,0.6805,0.3227,-0.5933,0.0766,
21.473596,-0.0649,0.9845,-0.1585,-0.5044,0.1639,0.7635,0.3227,-0.5933,0.0766,
21.529344,0.0825,0.9610,-0.1690,-0.5044,0.1639,0.7635,0.3227,-0.5933,0.0766,
21.530603,0.0317,0.9710,-0.2217,-0.5044,0.1639,0.7635,0.3227,-0.5933,0.0766,
21.531102,-0.0864,0.9847,-0.2561,-0.5044,0.1639,0.7635,0.3227,-0.5933,0.0766,
21.531582,-0.0864,0.9847,-0.2561,-0.5044,0.1639,0.7635,0.5756,-0.3836,0.0536,
21.532154,-0.0864,0.9847,-0.2561,0.5320,0.2237,0.5588,0.5756,-0.3836,0.0536,
21.587336,-0.1013,0.9598,-0.2219,0.5320,0.2237,0.5588,0.5756,-0.3836,0.0536,
21.588444,-0.0322,0.9708,-0.1865,0.5320,0.2237,0.5588,0.5756,-0.3836,0.0536,
21.588928,0.1922,1.0360,-0.1030,0.5320,0.2237,0.5588,0.5756,-0.3836,0.0536,
21.589540,0.1922,1.0360,-0.1030,0.5320,0.2237,0.5588,0.8619,-0.0161,0.0120,
21.590073,0.1922,1.0360,-0.1030,0.6174,0.5232,1.4399,0.8619,-0.0161,0.0120,
21.646063,0.4273,1.0416,-0.0977,0.6174,0.5232,1.4399,0.8619,-0.0161,0.0120,
21.647219,0.3785,1.0900,-0.1338,0.6174,0.5232,1.4399,0.8619,-0.0161,0.0120,
21.647786,0.1707,1.3121,-0.2227,0.6174,0.5232,1.4399,0.8619,-0.0161,0.0120,
21.648269,0.1707,1.3121,-0.2227,0.6174,0.5232,1.4399,1.6546,0.3350,-0.5654,
21.648955,0.1707,1.3121,-0.2227,3.7775,2.4016,2.4643,1.6546,0.3350,-0.5654,
21.703495,0.0288,1.6401,-0.2654,3.7775,2.4016,2.4643,1.6546,0.3350,-0.5654,
21.705199,0.1226,1.9003,-0.1294,3.7775,2.4016,2.4643,1.6546,0.3350,-0.5654,
21.705707,0.1633,1.7787,0.2156,3.7775,2.4016,2.4643,1.6546,0.3350,-0.5654,
21.706247,0.1633,1.7787,0.2156,2.2226,9.1466,4.5813,1.6546,0.3350,-0.5654,
21.706816,0.1633,1.7787,0.2156,2.2226,9.1466,4.5813,2.7063,-0.7593,-0.8794,
21.762453,-0.3194,1.6598,0.3633,2.2226,9.1466,4.5813,2.7063,-0.7593,-0.8794,
21.763611,-0.9532,1.4015,0.5672,2.2226,9.1466,4.5813,2.7063,-0.7593,-0.8794,
21.764239,-1.3522,1.3016,0.0049,2.2226,9.1466,4.5813,2.7063,-0.7593,-0.8794,
21.764792,-1.3522,1.3016,0.0049,2.2226,9.1466,4.5813,2.7320,-2.9949,-0.9537,
21.765372,-1.3522,1.3016,0.0049,-5.8494,6.9127,8.9685,2.7320,-2.9949,-0.9537,
21.820347,-0.9735,1.1771,-0.4136,-5.8494,6.9127,8.9685,2.7320,-2.9949,-0.9537,
21.821623,-0.7164,1.0314,-0.4490,-5.8494,6.9127,8.9685,2.7320,-2.9949,-0.9537,
21.822200,-0.4109,0.9227,-0.3094,-5.8494,6.9127,8.9685,2.7320,-2.9949,-0.9537,
21.822752,-0.4109,0.9227,-0.3094,-5.8494,6.9127,8.9685,1.7735,-4.5141,0.0925,
21.824357,-0.4109,0.9227,-0.3094,-2.5739,3.4168,1.8518,1.7735,-4.5141,0.0925,
21.878908,-0.1648,0.6412,-0.0042,-2.5739,3.4168,1.8518,1.7735,-4.5141,0.0925,
21.880094,-0.1592,0.4139,0.1748,-2.5739,3.4168,1.8518,1.7735,-4.5141,0.0925,
21.880691,-0.3103,0.3887,0.1477,-2.5739,3.4168,1.8518,1.7735,-4.5141,0.0925,
21.881283,-0.3103,0.3887,0.1477,-2.5739,3.4168,1.8518,0.3254,-4.9900,1.7966,
21.883585,-0.3103,0.3887,0.1477,2.9280,-2.4515,5.3742,0.3254,-4.9900,1.7966,
21.937363,-0.3726,0.4300,0.0584,2.9280,-2.4515,5.3742,0.3254,-4.9900,1.7966,
21.938751,-0.2805,0.4666,-0.0559,2.9280,-2.4515,5.3742,0.3254,-4.9900,1.7966,
21.939491,-0.1463,0.4991,-0.0986,2.9280,-2.4515,5.3742,0.3254,-4.9900,1.7966,
21.940075,-0.1463,0.4991,-0.0986,2.9280,-2.4515,5.3742,-0.3879,-3.4284,3.7041,
21.940955,-0.1463,0.4991,-0.0986,1.4552,-3.6315,2.8507,-0.3879,-3.4284,3.7041,
21.995345,-0.1135,0.5965,-0.0828,1.4552,-3.6315,2.8507,-0.3879,-3.4284,3.7041,
21.996737,-0.1714,0.7940,-0.0869,1.4552,-3.6315,2.8507,-0.3879,-3.4284,3.7041,
21.997485,-0.2434,0.9789,-0.1109,1.4552,-3.6315,2.8507,-0.3879,-3.4284,3.7041,
21.998144,-0.2434,0.9789,-0.1109,1.4552,-3.6315,2.8507,-1.0692,-1.5852,5.1411,
21.998962,-0.2434,0.9789,-0.1109,-0.0310,-1.4762,1.3771,-1.0692,-1.5852,5.1411,
22.053732,-0.2930,1.1310,-0.1248,-0.0310,-1.4762,1.3771,-1.0692,-1.5852,5.1411,
22.055159,-0.4524,1.3075,-0.1922,-0.0310,-1.4762,1.3771,-1.0692,-1.5852,5.1411,
22.055964,-0.6785,1.4674,-0.2566,-0.0310,-1.4762,1.3771,-1.0692,-1.5852,5.1411,
22.056648,-0.6785,1.4674,-0.2566,-0.0310,-1.4762,1.3771,-1.8004,-0.9205,5.6090,
22.057491,-0.6785,1.4674,-0.2566,-5.8419,3.2299,-0.5836,-1.8004,-0.9205,5.6090,
22.112124,-0.7777,1.4743,-0.2815,-5.8419,3.2299,-0.5836,-1.8004,-0.9205,5.6090,
22.113636,-0.8116,1.3842,-0.2693,-5.8419,3.2299,-0.5836,-1.8004,-0.9205,5.6090,
22.114512,-0.5779,1.2618,-0.0437,-5.8419,3.2299,-0.5836,-1.8004,-0.9205,5.6090,
22.115421,-0.5779,1.2618,-0.0437,-5.8419,3.2299,-0.5836,-2.0666,-1.1545,4.9692,
22.117191,-0.5779,1.2618,-0.0437,-10.7262,4.4891,-1.5686,-2.0666,-1.1545,4.9692,
22.170543,-0.4310,1.1163,-0.1160,-10.7262,4.4891,-1.5686,-2.0666,-1.1545,4.9692,
22.172141,-0.6387,0.9330,-0.2454,-10.7262,4.4891,-1.5686,-2.0666,-1.1545,4.9692,
22.172880,-0.8350,0.7559,-0.2117,-10.7262,4.4891,-1.5686,-2.0666,-1.1545,4.9692,
22.173574,-0.8350,0.7559,-0.2117,-10.7262,4.4891,-1.5686,-1.2362,-0.7972,1.5700,
22.175226,-0.8350,0.7559,-0.2117,-10.4901,0.5441,-1.9037,-1.2362,-0.7972,1.5700,
22.228569,-0.8451,0.8026,-0.2146,-10.4901,0.5441,-1.9037,-1.2362,-0.7972,1.5700,
22.230868,-0.7735,0.9979,-0.2940,-10.4901,0.5441,-1.9037,-1.2362,-0.7972,1.5700,
22.231650,-0.3555,1.2345,-0.4644,-10.4901,0.5441,-1.9037,-1.2362,-0.7972,1.5700,
22.232394,-0.3555,1.2345,-0.4644,-10.4901,0.5441,-1.9037,0.0301,-1.4215,-1.8322,
22.233173,-0.3555,1.2345,-0.4644,-9.6026,0.8763,-2.8203,0.0301,-1.4215,-1.8322,
22.287406,1.0626,1.3090,-0.1372,-9.6026,0.8763,-2.8203,0.0301,-1.4215,-1.8322,
22.288651,2.3777,1.2347,-0.2034,-9.6026,0.8763,-2.8203,0.0301,-1.4215,-1.8322,
22.289756,0.7511,1.5307,-0.7237,-9.6026,0.8763,-2.8203,0.0301,-1.4215,-1.8322,
22.290383,0.7511,1.5307,-0.7237,-9.6026,0.8763,-2.8203,-0.0479,-2.1390,-0.7094,
22.291190,0.7511,1.5307,-0.7237,10.7979,4.0790,-2.7388,-0.0479,-2.1390,-0.7094,
22.345639,-1.0025,1.5915,-0.4898,10.7979,4.0790,-2.7388,-0.0479,-2.1390,-0.7094,
22.347352,-0.7906,0.9774,-0.1372,10.7979,4.0790,-2.7388,-0.0479,-2.1390,-0.7094,
22.348009,-0.0300,0.6636,0.4991,10.7979,4.0790,-2.7388,-0.0479,-2.1390,-0.7094,
22.348614,-0.0300,0.6636,0.4991,10.7979,4.0790,-2.7388,-0.2529,-0.6318,-2.5361,
22.349530,-0.0300,0.6636,0.4991,-7.3054,0.9788,0.2705,-0.2529,-0.6318,-2.5361,
22.404087,0.1228,0.8421,0.6536,-7.3054,0.9788,0.2705,-0.2529,-0.6318,-2.5361,
22.405773,0.2193,1.0272,0.0469,-7.3054,0.9788,0.2705,-0.2529,-0.6318,-2.5361,
22.406443,-0.0772,1.0802,-0.3426,-7.3054,0.9788,0.2705,-0.2529,-0.6318,-2.5361,
22.407096,-0.0772,1.0802,-0.3426,-7.3054,0.9788,0.2705,0.1509,-0.3341,-1.3830,
22.407731,-0.0772,1.0802,-0.3426,0.3012,-0.0159,1.9286,0.1509,-0.3341,-1.3830,
22.462376,-0.1843,1.1605,-0.3389,0.3012,-0.0159,1.9286,0.1509,-0.3341,-1.3830,
22.463717,-0.0918,1.0951,-0.2222,0.3012,-0.0159,1.9286,0.1509,-0.3341,-1.3830,
22.464280,-0.0198,0.9911,0.0293,0.3012,-0.0159,1.9286,0.1509,-0.3341,-1.3830,
22.464755,-0.0198,0.9911,0.0293,-0.9011,0.9264,-0.9172,0.1509,-0.3341,-1.3830,
22.465331,-0.0198,0.9911,0.0293,-0.9011,0.9264,-0.9172,0.0810,0.1354,-1.1020,
22.520710,-0.0066,0.9894,0.1008,-0.9011,0.9264,-0.9172,0.0810,0.1354,-1.1020,
22.521872,-0.0520,0.9840,0.0354,-0.9011,0.9264,-0.9172,0.0810,0.1354,-1.1020,
22.522456,-0.0125,0.9474,-0.0452,-0.9011,0.9264,-0.9172,0.0810,0.1354,-1.1020,
22.523009,-0.0125,0.9474,-0.0452,-0.9011,0.9264,-0.9172,0.1983,-0.3068,-0.9395,
22.523548,-0.0125,0.9474,-0.0452,0.3730,-0.1080,1.2017,0.1983,-0.3068,-0.9395,
22.578588,-0.0601,0.9432,-0.1079,0.3730,-0.1080,1.2017,0.1983,-0.3068,-0.9395,
22.579660,-0.1541,0.9842,-0.0794,0.3730,-0.1080,1.2017,0.1983,-0.3068,-0.9395,
22.580293,-0.1592,1.0116,0.0020,0.3730,-0.1080,1.2017,0.1983,-0.3068,-0.9395,
22.580815,-0.1592,1.0116,0.0020,0.3730,-0.1080,1.2017,0.1891,0.2344,-1.0535,
22.581429,-0.1592,1.0116,0.0020,-0.0363,0.0172,0.4116,0.1891,0.2344,-1.0535,
22.637398,-0.1365,1.0086,0.0032,-0.0363,0.0172,0.4116,0.1891,0.2344,-1.0535,
22.638490,-0.1089,0.9906,-0.0503,-0.0363,0.0172,0.4116,0.1891,0.2344,-1.0535,
22.639283,-0.0896,0.9786,-0.0706,-0.0363,0.0172,0.4116,0.1891,0.2344,-1.0535,
22.639746,-0.0896,0.9786,-0.0706,-0.0363,0.0172,0.4116,0.2914,0.1059,-1.0368,
22.640383,-0.0896,0.9786,-0.0706,0.6477,0.2474,0.7898,0.2914,0.1059,-1.0368,
22.695163,-0.1504,0.9859,-0.0884,0.6477,0.2474,0.7898,0.2914,0.1059,-1.0368,
22.696548,-0.2122,0.9960,-0.0864,0.6477,0.2474,0.7898,0.2914,0.1059,-1.0368,
22.696963,-0.1883,1.0160,-0.0894,0.6477,0.2474,0.7898,0.2914,0.1059,-1.0368,
22.697546,-0.1883,1.0160,-0.0894,0.6477,0.2474,0.7898,0.4288,0.2655,-1.2223,
22.698094,-0.1883,1.0160,-0.0894,0.5825,0.4848,0.5691,0.4288,0.2655,-1.2223,
22.754037,-0.0881,1.0428,-0.0925,0.5825,0.4848,0.5691,0.4288,0.2655,-1.2223,
22.755206,-0.0999,1.0914,-0.1099,0.5825,0.4848,0.5691,0.4288,0.2655,-1.2223,
22.755743,-0.1682,1.1798,-0.1284,0.5825,0.4848,0.5691,0.4288,0.2655,-1.2223,
22.756215,-0.1682,1.1798,-0.1284,0.5825,0.4848,0.5691,0.6915,0.1535,-1.4740,
22.756792,-0.1682,1.1798,-0.1284,1.9585,1.7913,0.7326,0.6915,0.1535,-1.4740,
22.811926,-0.1775,1.2413,-0.1392,1.9585,1.7913,0.7326,0.6915,0.1535,-1.4740,
22.813405,-0.0667,1.2567,-0.1402,1.9585,1.7913,0.7326,0.6915,0.1535,-1.4740,
22.814125,0.0313,1.3204,-0.1277,1.9585,1.7913,0.7326,0.6915,0.1535,-1.4740,
22.814621,0.0313,1.3204,-0.1277,1.9585,1.7913,0.7326,1.1052,0.0825,-1.8377,
22.815148,0.0313,1.3204,-0.1277,3.3031,3.8943,1.0490,1.1052,0.0825,-1.8377,
22.870680,0.1785,1.4877,-0.0105,3.3031,3.8943,1.0490,1.1052,0.0825,-1.8377,
22.872062,0.4302,1.7162,0.0501,3.3031,3.8943,1.0490,1.1052,0.0825,-1.8377,
22.872635,0.7757,1.7993,0.0295,3.3031,3.8943,1.0490,1.1052,0.0825,-1.8377,
22.873155,0.7757,1.7993,0.0295,3.3031,3.8943,1.0490,1.5139,0.3136,-2.2187,
22.873701,0.7757,1.7993,0.0295,9.3696,8.4509,3.3529,1.5139,0.3136,-2.2187,
22.929074,0.8880,1.6137,0.0193,9.3696,8.4509,3.3529,1.5139,0.3136,-2.2187,
22.930391,0.0554,1.2079,-0.0637,9.3696,8.4509,3.3529,1.5139,0.3136,-2.2187,
22.930959,-1.0282,1.2777,-0.2141,9.3696,8.4509,3.3529,1.5139,0.3136,-2.2187,
22.931524,-1.0282,1.2777,-0.2141,9.3696,8.4509,3.3529,1.3081,1.8727,-3.3203,
22.932246,-1.0282,1.2777,-0.2141,5.4709,6.7073,3.3754,1.3081,1.8727,-3.3203,
22.986965,-1.1935,1.4503,-0.0982,5.4709,6.7073,3.3754,1.3081,1.8727,-3.3203,
22.988649,-0.8639,1.0577,-0.3714,5.4709,6.7073,3.3754,1.3081,1.8727,-3.3203,
22.989275,-0.6751,0.6082,-0.3709,5.4709,6.7073,3.3754,1.3081,1.8727,-3.3203,
22.989912,-0.6751,0.6082,-0.3709,5.4709,6.7073,3.3754,1.2749,0.8998,-2.5345,
22.990528,-0.6751,0.6082,-0.3709,-2.4767,4.6613,2.2047,1.2749,0.8998,-2.5345,
23.045369,-0.5521,0.5086,-0.4656,-2.4767,4.6613,2.2047,1.2749,0.8998,-2.5345,
23.046670,-0.3042,0.4227,-0.4095,-2.4767,4.6613,2.2047,1.2749,0.8998,-2.5345,
23.047377,-0.1799,0.2058,-0.0466,-2.4767,4.6613,2.2047,1.2749,0.8998,-2.5345,
23.047923,-0.1799,0.2058,-0.0466,-2.4767,4.6613,2.2047,-0.9460,-0.5658,0.3971,
23.048767,-0.1799,0.2058,-0.0466,3.0322,-2.1772,1.3881,-0.9460,-0.5658,0.3971,
23.103525,-0.0811,0.0679,-0.1592,3.0322,-2.1772,1.3881,-0.9460,-0.5658,0.3971,
23.105684,-0.0798,0.1362,-0.2317,3.0322,-2.1772,1.3881,-0.9460,-0.5658,0.3971,
23.106225,-0.1702,0.2998,-0.3313,3.0322,-2.1772,1.3881,-0.9460,-0.5658,0.3971,
23.106985,-0.1702,0.2998,-0.3313,3.0322,-2.1772,1.3881,-1.8658,-0.5098,2.9593,
23.107671,-0.1702,0.2998,-0.3313,4.2337,-5.6053,1.1221,-1.8658,-0.5098,2.9593,
23.162515,-0.1607,0.4600,-0.4322,4.2337,-5.6053,1.1221,-1.8658,-0.5098,2.9593,
23.164133,-0.1170,0.6028,-0.3108,4.2337,-5.6053,1.1221,-1.8658,-0.5098,2.9593,
23.164900,-0.1480,0.6910,-0.2273,4.2337,-5.6053,1.1221,-1.8658,-0.5098,2.9593,
23.165509,-0.1480,0.6910,-0.2273,1.6198,-3.1008,-0.9559,-1.8658,-0.5098,2.9593,
23.166153,-0.1480,0.6910,-0.2273,1.6198,-3.1008,-0.9559,-2.5832,-0.2260,4.8813,
23.220293,-0.1326,0.8421,-0.2635,1.6198,-3.1008,-0.9559,-2.5832,-0.2260,4.8813,
23.221841,-0.1397,1.1278,-0.4041,1.6198,-3.1008,-0.9559,-2.5832,-0.2260,4.8813,
23.222798,-0.2713,1.5509,-0.5394,1.6198,-3.1008,-0.9559,-2.5832,-0.2260,4.8813,
23.223601,-0.2713,1.5509,-0.5394,1.6198,-3.1008,-0.9559,-2.7092,0.7711,6.0389,
23.224408,-0.2713,1.5509,-0.5394,-2.0702,1.9196,-3.0982,-2.7092,0.7711,6.0389,
23.278956,-0.5638,1.9880,-0.6151,-2.0702,1.9196,-3.0982,-2.7092,0.7711,6.0389,
23.280764,-0.9352,1.9482,-0.5201,-2.0702,1.9196,-3.0982,-2.7092,0.7711,6.0389,
23.281742,-1.1510,1.5348,-0.1099,-2.0702,1.9196,-3.0982,-2.7092,0.7711,6.0389,
23.282577,-1.1510,1.5348,-0.1099,-2.0702,1.9196,-3.0982,-2.7339,0.5109,5.7218,
23.283503,-1.1510,1.5348,-0.1099,-11.8851,8.7598,-4.6913,-2.7339,0.5109,5.7218,
23.336956,-0.9525,1.0677,-0.1675,-11.8851,8.7598,-4.6913,-2.7339,0.5109,5.7218,
23.338788,-0.8326,0.8304,-0.5401,-11.8851,8.7598,-4.6913,-2.7339,0.5109,5.7218,
23.339795,-1.0487,0.6939,-0.4122,-11.8851,8.7598,-4.6913,-2.7339,0.5109,5.7218,
23.340653,-1.0487,0.6939,-0.4122,-13.3867,-0.1244,-4.5854,-2.7339,0.5109,5.7218,
23.341580,-1.0487,0.6939,-0.4122,-13.3867,-0.1244,-4.5854,-1.1985,-0.9971,2.0707,
23.395891,-1.0572,0.7989,-0.2752,-13.3867,-0.1244,-4.5854,-1.1985,-0.9971,2.0707,
23.397437,-0.7530,1.3097,-0.4874,-13.3867,-0.1244,-4.5854,-1.1985,-0.9971,2.0707,
23.398203,1.0853,1.7350,0.4920,-13.3867,-0.1244,-4.5854,-1.1985,-0.9971,2.0707,
23.398979,1.0853,1.7350,0.4920,-13.3867,-0.1244,-4.5854,0.0808,-1.9979,-2.2445,
23.399753,1.0853,1.7350,0.4920,-5.3358,3.4324,-1.3090,0.0808,-1.9979,-2.2445,
23.454312,3.0421,1.4906,0.3699,-5.3358,3.4324,-1.3090,0.0808,-1.9979,-2.2445,
23.455980,0.7545,1.3441,-0.6448,-5.3358,3.4324,-1.3090,0.0808,-1.9979,-2.2445,
23.456654,-1.2094,1.3295,-0.8016,-5.3358,3.4324,-1.3090,0.0808,-1.9979,-2.2445,
23.457179,-1.2094,1.3295,-0.8016,-5.3358,3.4324,-1.3090,0.2824,-1.3885,-1.8192,
23.457779,-1.2094,1.3295,-0.8016,6.3387,4.1414,-3.5261,0.2824,-1.3885,-1.8192,
23.512000,-1.0448,0.9198,0.0501,6.3387,4.1414,-3.5261,0.2824,-1.3885,-1.8192,
23.513219,-0.0088,0.7335,0.4375,6.3387,4.1414,-3.5261,0.2824,-1.3885,-1.8192,
23.513889,0.0562,0.9107,0.2918,6.3387,4.1414,-3.5261,0.2824,-1.3885,-1.8192,
23.514492,0.0562,0.9107,0.2918,6.3387,4.1414,-3.5261,0.1260,-0.1175,-2.3657,
23.515085,0.0562,0.9107,0.2918,-3.9823,-1.2650,2.5813,0.1260,-0.1175,-2.3657,
23.570603,-0.0996,1.0277,-0.0146,-3.9823,-1.2650,2.5813,0.1260,-0.1175,-2.3657,
23.571908,-0.3399,1.0582,-0.1277,-3.9823,-1.2650,2.5813,0.1260,-0.1175,-2.3657,
23.572496,-0.1123,1.0777,-0.1475,-3.9823,-1.2650,2.5813,0.1260,-0.1175,-2.3657,
23.573025,-0.1123,1.0777,-0.1475,-3.9823,-1.2650,2.5813,0.3785,-0.0892,-1.5027,
23.573555,-0.1123,1.0777,-0.1475,-1.6511,0.6596,-0.6850,0.3785,-0.0892,-1.5027,
23.628604,0.1235,1.0631,-0.0950,-1.6511,0.6596,-0.6850,0.3785,-0.0892,-1.5027,
23.630009,-0.0789,1.0323,-0.0161,-1.6511,0.6596,-0.6850,0.3785,-0.0892,-1.5027,
23.630545,-0.3484,0.9886,0.0161,-1.6511,0.6596,-0.6850,0.3785,-0.0892,-1.5027,
23.631116,-0.3484,0.9886,0.0161,-1.6511,0.6596,-0.6850,0.3052,-0.0417,-1.1561,
23.631713,-0.3484,0.9886,0.0161,-0.1851,0.4307,0.1205,0.3052,-0.0417,-1.1561,
23.687054,-0.2036,0.9940,-0.0007,-0.1851,0.4307,0.1205,0.3052,-0.0417,-1.1561,
23.688057,0.0117,0.9779,-0.0430,-0.1851,0.4307,0.1205,0.3052,-0.0417,-1.1561,
23.688767,0.0054,0.9732,-0.0452,-0.1851,0.4307,0.1205,0.3052,-0.0417,-1.1561,
23.689388,0.0054,0.9732,-0.0452,0.6931,0.0405,0.2932,0.3052,-0.0417,-1.1561,
23.689883,0.0054,0.9732,-0.0452,0.6931,0.0405,0.2932,0.3073,-0.2252,-0.8922,
23.745255,-0.1157,0.9852,-0.0054,0.6931,0.0405,0.2932,0.3073,-0.2252,-0.8922,
23.746418,-0.2019,1.0025,-0.0366,0.6931,0.0405,0.2932,0.3073,-0.2252,-0.8922,
23.746838,-0.2561,1.0084,-0.0850,0.6931,0.0405,0.2932,0.3073,-0.2252,-0.8922,
23.747284,-0.2561,1.0084,-0.0850,-0.0001,0.3125,0.3737,0.3073,-0.2252,-0.8922,
23.748009,-0.2561,1.0084,-0.0850,-0.0001,0.3125,0.3737,0.3354,0.2556,-1.0482,
23.803503,-0.2154,0.9850,-0.1023,-0.0001,0.3125,0.3737,0.3354,0.2556,-1.0482,
23.804969,-0.1480,0.9591,-0.1121,-0.0001,0.3125,0.3737,0.3354,0.2556,-1.0482,
23.805591,-0.1416,0.9535,-0.1152,-0.0001,0.3125,0.3737,0.3354,0.2556,-1.0482,
23.806284,-0.1416,0.9535,-0.1152,0.7494,0.1319,-0.0635,0.3354,0.2556,-1.0482,
23.806850,-0.1416,0.9535,-0.1152,0.7494,0.1319,-0.0635,0.3590,0.2157,-1.0000,
23.861978,-0.1716,0.9518,-0.0972,0.7494,0.1319,-0.0635,0.3590,0.2157,-1.0000,
23.863176,-0.2127,0.9872,-0.1001,0.7494,0.1319,-0.0635,0.3590,0.2157,-1.0000,
23.863674,-0.2249,1.0433,-0.1038,0.7494,0.1319,-0.0635,0.3590,0.2157,-1.0000,
23.864282,-0.2249,1.0433,-0.1038,1.0393,0.6243,0.3032,0.3590,0.2157,-1.0000,
23.864865,-0.2249,1.0433,-0.1038,1.0393,0.6243,0.3032,0.3979,0.4012,-1.2539,
23.920688,-0.1843,1.1273,-0.0679,1.0393,0.6243,0.3032,0.3979,0.4012,-1.2539,
23.921928,-0.1192,1.1786,-0.0422,1.0393,0.6243,0.3032,0.3979,0.4012,-1.2539,
23.922587,-0.0398,1.1781,-0.0422,1.0393,0.6243,0.3032,0.3979,0.4012,-1.2539,
23.923236,-0.0398,1.1781,-0.0422,2.6613,2.5908,1.1600,0.3979,0.4012,-1.2539,
23.923906,-0.0398,1.1781,-0.0422,2.6613,2.5908,1.1600,0.7652,-0.0307,-1.5247,
23.979172,-0.0398,1.1781,-0.0422,5.0711,5.6327,1.2844,0.7652,-0.0307,-1.5247,
23.980533,0.0242,1.2264,-0.0552,5.0711,5.6327,1.2844,0.7652,-0.0307,-1.5247,
23.981062,0.0103,1.3698,-0.1338,5.0711,5.6327,1.2844,0.7652,-0.0307,-1.5247,
23.981523,0.0754,1.6398,-0.1316,5.0711,5.6327,1.2844,0.7652,-0.0307,-1.5247,
23.982072,0.0754,1.6398,-0.1316,5.0711,5.6327,1.2844,1.1464,0.5101,-2.1800,
24.037096,0.5225,1.7958,-0.1677,5.0711,5.6327,1.2844,1.1464,0.5101,-2.1800,
24.038484,0.8861,1.7155,-0.2102,5.0711,5.6327,1.2844,1.1464,0.5101,-2.1800,
24.039373,0.4932,1.2467,-0.1279,5.0711,5.6327,1.2844,1.1464,0.5101,-2.1800,
24.040197,0.4932,1.2467,-0.1279,5.0711,5.6327,1.2844,1.2040,1.5125,-2.5768,
24.040807,0.4932,1.2467,-0.1279,11.6370,8.1778,1.6563,1.2040,1.5125,-2.5768,
24.095327,-0.5286,0.8438,-0.1968,11.6370,8.1778,1.6563,1.2040,1.5125,-2.5768,
24.096528,-1.2162,1.0734,-0.2586,11.6370,8.1778,1.6563,1.2040,1.5125,-2.5768,
24.097172,-1.1898,1.2299,-0.3330,11.6370,8.1778,1.6563,1.2040,1.5125,-2.5768,
24.097718,-1.1898,1.2299,-0.3330,11.6370,8.1778,1.6563,1.5823,2.3710,-3.2258,
24.098288,-1.1898,1.2299,-0.3330,-3.4089,4.3080,2.1179,1.5823,2.3710,-3.2258,
24.153915,-0.9588,0.8072,-0.3152,-3.4089,4.3080,2.1179,1.5823,2.3710,-3.2258,
24.155160,-0.7493,0.4932,-0.4405,-3.4089,4.3080,2.1179,1.5823,2.3710,-3.2258,
24.155809,-0.5557,0.3709,-0.3262,-3.4089,4.3080,2.1179,1.5823,2.3710,-3.2258,
24.156742,-0.5557,0.3709,-0.3262,-3.4089,4.3080,2.1179,0.6667,-0.4331,-0.5461,
24.157580,-0.5557,0.3709,-0.3262,-0.8937,-0.1246,1.1970,0.6667,-0.4331,-0.5461,
24.211940,-0.2813,0.2752,-0.0613,-0.8937,-0.1246,1.1970,0.6667,-0.4331,-0.5461,
24.213031,-0.0764,0.0154,0.1497,-0.8937,-0.1246,1.1970,0.6667,-0.4331,-0.5461,
24.213598,-0.2815,0.0095,-0.0210,-0.8937,-0.1246,1.1970,0.6667,-0.4331,-0.5461,
24.215579,-0.2815,0.0095,-0.0210,3.8007,-5.5506,4.2118,0.6667,-0.4331,-0.5461,
24.216417,-0.2815,0.0095,-0.0210,3.8007,-5.5506,4.2118,-0.5919,-1.2407,2.4404,
24.270932,-0.4534,0.2376,-0.2415,3.8007,-5.5506,4.2118,-0.5919,-1.2407,2.4404,
24.272549,-0.2908,0.3328,-0.2063,3.8007,-5.5506,4.2118,-0.5919,-1.2407,2.4404,
24.273458,-0.1201,0.4246,-0.2354,3.8007,-5.5506,4.2118,-0.5919,-1.2407,2.4404,
24.274198,-0.1201,0.4246,-0.2354,3.8007,-5.5506,4.2118,-0.3551,-1.3653,4.5932,
24.274981,-0.1201,0.4246,-0.2354,1.3811,-4.6461,1.1811,-0.3551,-1.3653,4.5932,
24.329090,-0.3128,0.6180,-0.1787,1.3811,-4.6461,1.1811,-0.3551,-1.3653,4.5932,
24.330592,-0.5044,0.7554,-0.1143,1.3811,-4.6461,1.1811,-0.3551,-1.3653,4.5932,
24.331227,-0.7017,0.9400,-0.3880,1.3811,-4.6461,1.1811,-0.3551,-1.3653,4.5932,
24.331883,-0.7017,0.9400,-0.3880,1.3811,-4.6461,1.1811,-0.1981,-2.5736,6.3675,
24.332587,-0.7017,0.9400,-0.3880,-3.4033,-1.4229,0.6529,-0.1981,-2.5736,6.3675,
24.387291,-1.0228,1.3480,-0.4693,-3.4033,-1.4229,0.6529,-0.1981,-2.5736,6.3675,
24.388900,-1.1346,1.4901,-0.3423,-3.4033,-1.4229,0.6529,-0.1981,-2.5736,6.3675,
24.389861,-1.0340,1.4972,-0.3181,-3.4033,-1.4229,0.6529,-0.1981,-2.5736,6.3675,
24.391304,-1.0340,1.4972,-0.3181,-3.4033,-1.4229,0.6529,0.3003,-8.0146,7.3095,
24.392053,-1.0340,1.4972,-0.3181,-11.2349,5.0581,-0.6896,0.3003,-8.0146,7.3095,
24.445128,-0.7254,1.4711,-0.0149,-11.2349,5.0581,-0.6896,0.3003,-8.0146,7.3095,
24.446615,-0.1934,1.3300,0.4329,-11.2349,5.0581,-0.6896,0.3003,-8.0146,7.3095,
24.447347,0.1980,1.0858,0.4292,-11.2349,5.0581,-0.6896,0.3003,-8.0146,7.3095,
24.448801,0.1980,1.0858,0.4292,-3.6056,3.8388,6.3231,0.3003,-8.0146,7.3095,
24.449982,0.1980,1.0858,0.4292,-3.6056,3.8388,6.3231,-0.1142,-9.8788,4.6333,
24.503586,-0.2605,0.7276,0.5291,-3.6056,3.8388,6.3231,-0.1142,-9.8788,4.6333,
24.505103,-1.4289,1.2196,-0.3577,-3.6056,3.8388,6.3231,-0.1142,-9.8788,4.6333,
24.505841,-0.6236,1.2797,1.3649,-3.6056,3.8388,6.3231,-0.1142,-9.8788,4.6333,
24.506568,-0.6236,1.2797,1.3649,-3.6056,3.8388,6.3231,-0.7400,-0.5272,-0.6076,
24.509635,-0.6236,1.2797,1.3649,-8.2243,1.4810,8.1045,-0.7400,-0.5272,-0.6076,
24.561822,0.6607,1.1642,-0.3538,-8.2243,1.4810,8.1045,-0.7400,-0.5272,-0.6076,
24.563375,0.4585,1.6408,-0.6529,-8.2243,1.4810,8.1045,-0.7400,-0.5272,-0.6076,
24.564180,-0.2376,1.3207,-0.8990,-8.2243,1.4810,8.1045,-0.7400,-0.5272,-0.6076,
24.564930,-0.2376,1.3207,-0.8990,-8.2243,1.4810,8.1045,-0.5453,0.1224,-0.6758,
24.566363,-0.2376,1.3207,-0.8990,2.5086,4.2323,-3.3746,-0.5453,0.1224,-0.6758,
24.620343,-0.3387,1.0218,-0.5264,2.5086,4.2323,-3.3746,-0.5453,0.1224,-0.6758,
24.621886,0.1870,0.8922,-0.1148,2.5086,4.2323,-3.3746,-0.5453,0.1224,-0.6758,
24.622512,0.2107,0.8057,0.0144,2.5086,4.2323,-3.3746,-0.5453,0.1224,-0.6758,
24.623157,0.2107,0.8057,0.0144,2.5086,4.2323,-3.3746,-0.5854,-1.7104,-0.0820,
24.623848,0.2107,0.8057,0.0144,0.1305,-0.4469,0.4958,-0.5854,-1.7104,-0.0820,
24.678658,-0.1751,0.9417,0.0376,0.1305,-0.4469,0.4958,-0.5854,-1.7104,-0.0820,
24.680342,-0.2940,1.0516,-0.2205,0.1305,-0.4469,0.4958,-0.5854,-1.7104,-0.0820,
24.681122,-0.1550,1.0172,-0.3807,0.1305,-0.4469,0.4958,-0.5854,-1.7104,-0.0820,
24.681654,-0.1550,1.0172,-0.3807,0.1305,-0.4469,0.4958,-0.3138,-0.4286,0.0369,
24.682135,-0.1550,1.0172,-0.3807,-2.0248,0.4504,0.5230,-0.3138,-0.4286,0.0369,
24.737120,-0.0381,0.9647,-0.3496,-2.0248,0.4504,0.5230,-0.3138,-0.4286,0.0369,
24.738660,0.0481,0.9535,-0.2417,-2.0248,0.4504,0.5230,-0.3138,-0.4286,0.0369,
24.739710,0.1306,0.9479,-0.1265,-2.0248,0.4504,0.5230,-0.3138,-0.4286,0.0369,
24.740400,0.1306,0.9479,-0.1265,0.3633,-0.0598,-0.1416,-0.3138,-0.4286,0.0369,
24.741000,0.1306,0.9479,-0.1265,0.3633,-0.0598,-0.1416,-0.2993,-0.7666,0.3747,
24.795377,0.1328,0.9422,-0.0935,0.3633,-0.0598,-0.1416,-0.2993,-0.7666,0.3747,
24.801239,0.0288,0.9669,-0.1345,0.3633,-0.0598,-0.1416,-0.2993,-0.7666,0.3747,
24.802084,0.0002,0.9896,-0.1592,0.3633,-0.0598,-0.1416,-0.2993,-0.7666,0.3747,
24.802630,0.0002,0.9896,-0.1592,0.3633,-0.0598,-0.1416,-0.1674,-0.7259,0.1246,
24.803346,0.0002,0.9896,-0.1592,0.4477,0.0262,0.8361,-0.1674,-0.7259,0.1246,
24.854149,0.1338,0.9667,-0.0767,0.4477,0.0262,0.8361,-0.1674,-0.7259,0.1246,
24.856043,0.2383,0.9710,0.0442,0.4477,0.0262,0.8361,-0.1674,-0.7259,0.1246,
24.856771,0.0982,0.9811,-0.0679,0.4477,0.0262,0.8361,-0.1674,-0.7259,0.1246,
24.857618,0.0982,0.9811,-0.0679,0.4477,0.0262,0.8361,0.2203,-0.6023,-0.1128,
24.858528,0.0982,0.9811,-0.0679,1.5658,0.1174,1.8638,0.2203,-0.6023,-0.1128,
24.912019,-0.0962,0.9725,-0.1331,1.5658,0.1174,1.8638,0.2203,-0.6023,-0.1128,
24.913150,-0.0273,0.9735,-0.1104,1.5658,0.1174,1.8638,0.2203,-0.6023,-0.1128,
24.913665,0.1018,0.9801,-0.0342,1.5658,0.1174,1.8638,0.2203,-0.6023,-0.1128,
24.914830,0.1018,0.9801,-0.0342,0.2247,0.2386,1.6366,0.2203,-0.6023,-0.1128,
24.915506,0.1018,0.9801,-0.0342,0.2247,0.2386,1.6366,0.7015,-0.4286,-0.3864,
24.970245,0.0530,0.9395,-0.3045,0.2247,0.2386,1.6366,0.7015,-0.4286,-0.3864,
24.971753,-0.2031,0.9730,-0.3482,0.2247,0.2386,1.6366,0.7015,-0.4286,-0.3864,
24.972379,-0.2740,0.9508,-0.3194,0.2247,0.2386,1.6366,0.7015,-0.4286,-0.3864,
24.972920,-0.2740,0.9508,-0.3194,0.2247,0.2386,1.6366,1.1071,0.0807,-0.4722,
24.973500,-0.2740,0.9508,-0.3194,-0.8361,0.2251,-0.0327,1.1071,0.0807,-0.4722,
25.028405,-0.0325,0.9430,-0.2434,-0.8361,0.2251,-0.0327,1.1071,0.0807,-0.4722,
25.029924,0.1314,0.9696,-0.2867,-0.8361,0.2251,-0.0327,1.1071,0.0807,-0.4722,
25.030581,0.1255,1.0079,-0.3770,-0.8361,0.2251,-0.0327,1.1071,0.0807,-0.4722,
25.031202,0.1255,1.0079,-0.3770,1.3570,0.7247,0.9691,1.1071,0.0807,-0.4722,
25.031776,0.1255,1.0079,-0.3770,1.3570,0.7247,0.9691,1.5353,0.0678,-0.2121,
25.087367,-0.0628,1.1210,-0.5936,1.3570,0.7247,0.9691,1.5353,0.0678,-0.2121,
25.088473,-0.1118,1.3524,-0.5362,1.3570,0.7247,0.9691,1.5353,0.0678,-0.2121,
25.089136,0.0918,1.4662,-0.2720,1.3570,0.7247,0.9691,1.5353,0.0678,-0.2121,
25.089674,0.0918,1.4662,-0.2720,1.3570,0.7247,0.9691,2.2722,-1.4534,-0.3095,
25.090295,0.0918,1.4662,-0.2720,0.8772,4.5847,0.3999,2.2722,-1.4534,-0.3095,
25.145691,0.4036,1.6557,-0.0293,0.8772,4.5847,0.3999,2.2722,-1.4534,-0.3095,
25.146892,0.4627,1.6659,0.0894,0.8772,4.5847,0.3999,2.2722,-1.4534,-0.3095,
25.147518,-0.0598,1.4508,0.3059,0.8772,4.5847,0.3999,2.2722,-1.4534,-0.3095,
25.148065,-0.0598,1.4508,0.3059,0.8772,4.5847,0.3999,2.6190,-1.9350,-0.2223,
25.148636,-0.0598,1.4508,0.3059,4.4328,8.0305,7.0860,2.6190,-1.9350,-0.2223,
25.203885,-0.7403,1.3241,0.4288,4.4328,8.0305,7.0860,2.6190,-1.9350,-0.2223,
25.205242,-1.2279,1.2653,0.1941,4.4328,8.0305,7.0860,2.6190,-1.9350,-0.2223,
25.205831,-1.1119,1.1266,-0.3177,4.4328,8.0305,7.0860,2.6190,-1.9350,-0.2223,
25.206372,-1.1119,1.1266,-0.3177,4.4328,8.0305,7.0860,2.1395,-3.0446,-0.9906,
25.206949,-1.1119,1.1266,-0.3177,-6.6455,5.4061,7.2041,2.1395,-3.0446,-0.9906,
25.261839,-0.6927,1.0643,-0.5411,-6.6455,5.4061,7.2041,2.1395,-3.0446,-0.9906,
25.263377,-0.1953,1.0846,-0.4207,-6.6455,5.4061,7.2041,2.1395,-3.0446,-0.9906,
25.263982,0.0779,0.9588,-0.0676,-6.6455,5.4061,7.2041,2.1395,-3.0446,-0.9906,
25.264534,0.0779,0.9588,-0.0676,1.9667,3.7483,2.4053,2.1395,-3.0446,-0.9906,
25.265177,0.0779,0.9588,-0.0676,1.9667,3.7483,2.4053,1.4357,-3.9582,0.4614,
25.320189,-0.0984,0.7518,0.1350,1.9667,3.7483,2.4053,1.4357,-3.9582,0.4614,
25.321840,-0.3509,0.7218,0.0535,1.9667,3.7483,2.4053,1.4357,-3.9582,0.4614,
25.322474,-0.3391,0.7054,-0.0325,1.9667,3.7483,2.4053,1.4357,-3.9582,0.4614,
25.322968,-0.3391,0.7054,-0.0325,1.9667,3.7483,2.4053,0.1645,-4.1390,1.5164,
25.323533,-0.3391,0.7054,-0.0325,2.6790,0.3195,5.0422,0.1645,-4.1390,1.5164,
25.378955,-0.2107,0.6883,-0.0527,2.6790,0.3195,5.0422,0.1645,-4.1390,1.5164,
25.379918,-0.1328,0.6800,-0.1016,2.6790,0.3195,5.0422,0.1645,-4.1390,1.5164,
25.380566,-0.1157,0.6890,-0.1170,2.6790,0.3195,5.0422,0.1645,-4.1390,1.5164,
25.381019,-0.1157,0.6890,-0.1170,2.6790,0.3195,5.0422,-0.5795,-2.7336,3.4999,
25.381987,-0.1157,0.6890,-0.1170,2.8444,-1.1918,2.5556,-0.5795,-2.7336,3.4999,
25.437141,-0.1528,0.7511,-0.1345,2.8444,-1.1918,2.5556,-0.5795,-2.7336,3.4999,
25.438327,-0.2400,0.8502,-0.1257,2.8444,-1.1918,2.5556,-0.5795,-2.7336,3.4999,
25.439217,-0.3079,0.9483,-0.1245,2.8444,-1.1918,2.5556,-0.5795,-2.7336,3.4999,
25.439917,-0.3079,0.9483,-0.1245,2.8444,-1.1918,2.5556,-1.2582,-0.6540,4.7438,
25.441511,-0.3079,0.9483,-0.1245,-0.1771,-0.7029,1.3835,-1.2582,-0.6540,4.7438,
25.495931,-0.3670,1.0643,-0.1499,-0.1771,-0.7029,1.3835,-1.2582,-0.6540,4.7438,
25.497732,-0.4332,1.2343,-0.2576,-0.1771,-0.7029,1.3835,-1.2582,-0.6540,4.7438,
25.498725,-0.5262,1.4289,-0.2427,-0.1771,-0.7029,1.3835,-1.2582,-0.6540,4.7438,
25.499776,-0.5262,1.4289,-0.2427,-0.1771,-0.7029,1.3835,-2.2189,-0.7540,5.5345,
25.500778,-0.5262,1.4289,-0.2427,-5.0640,2.6253,-0.7127,-2.2189,-0.7540,5.5345,
25.553531,-0.6397,1.4752,-0.2088,-5.0640,2.6253,-0.7127,-2.2189,-0.7540,5.5345,
25.555050,-0.8079,1.3861,-0.2139,-5.0640,2.6253,-0.7127,-2.2189,-0.7540,5.5345,
25.555784,-1.0873,1.4594,-0.2901,-5.0640,2.6253,-0.7127,-2.2189,-0.7540,5.5345,
25.556663,-1.0873,1.4594,-0.2901,-5.0640,2.6253,-0.7127,-2.2083,-0.2223,4.9725,
25.557504,-1.0873,1.4594,-0.2901,-11.5250,4.9821,-2.0695,-2.2083,-0.2223,4.9725,
25.612079,-1.2521,1.1835,-0.4349,-11.5250,4.9821,-2.0695,-2.2083,-0.2223,4.9725,
25.615046,-1.2833,0.6241,-0.4874,-11.5250,4.9821,-2.0695,-2.2083,-0.2223,4.9725,
25.615813,-1.4999,0.5259,-0.7489,-11.5250,4.9821,-2.0695,-2.2083,-0.2223,4.9725,
25.616617,-1.4999,0.5259,-0.7489,-11.5250,4.9821,-2.0695,-0.9556,0.9579,0.9452,
25.617586,-1.4999,0.5259,-0.7489,-16.6316,-1.2921,-5.8106,-0.9556,0.9579,0.9452,
25.670284,-1.4162,1.2523,-1.3800,-16.6316,-1.2921,-5.8106,-0.9556,0.9579,0.9452,
25.671973,0.6668,2.1433,0.1580,-16.6316,-1.2921,-5.8106,-0.9556,0.9579,0.9452,
25.672795,2.5413,1.8254,0.2935,-16.6316,-1.2921,-5.8106,-0.9556,0.9579,0.9452,
25.673586,2.5413,1.8254,0.2935,-16.6316,-1.2921,-5.8106,-0.2670,-2.5903,-1.1761,
25.674341,2.5413,1.8254,0.2935,2.9400,7.7964,-2.9926,-0.2670,-2.5903,-1.1761,
25.728532,0.1333,1.1473,-0.9969,2.9400,7.7964,-2.9926,-0.2670,-2.5903,-1.1761,
25.730500,-0.6226,0.8690,-0.4068,2.9400,7.7964,-2.9926,-0.2670,-2.5903,-1.1761,
25.731267,-0.4927,0.6270,0.5069,2.9400,7.7964,-2.9926,-0.2670,-2.5903,-1.1761,
25.731987,-0.4927,0.6270,0.5069,2.9400,7.7964,-2.9926,0.2433,-1.3233,-2.7548,
25.732614,-0.4927,0.6270,0.5069,-4.5133,-0.9501,-2.5301,0.2433,-1.3233,-2.7548,
25.786972,-0.3252,0.9149,0.4036,-4.5133,-0.9501,-2.5301,0.2433,-1.3233,-2.7548,
25.788268,-0.0320,1.1171,0.0816,-4.5133,-0.9501,-2.5301,0.2433,-1.3233,-2.7548,
25.789000,-0.0046,1.0821,-0.2205,-4.5133,-0.9501,-2.5301,0.2433,-1.3233,-2.7548,
25.789601,-0.0046,1.0821,-0.2205,-4.5133,-0.9501,-2.5301,0.1621,0.4071,-1.3862,
25.790286,-0.0046,1.0821,-0.2205,-1.6914,0.5091,1.3190,0.1621,0.4071,-1.3862,
25.845385,-0.1316,1.0743,-0.1297,-1.6914,0.5091,1.3190,0.1621,0.4071,-1.3862,
25.846386,0.0046,1.0956,-0.0657,-1.6914,0.5091,1.3190,0.1621,0.4071,-1.3862,
25.847031,0.1648,0.9850,0.0933,-1.6914,0.5091,1.3190,0.1621,0.4071,-1.3862,
25.847577,0.1648,0.9850,0.0933,-1.6914,0.5091,1.3190,0.1407,-0.0792,-0.9825,
25.848168,0.1648,0.9850,0.0933,0.1683,0.6225,0.1967,0.1407,-0.0792,-0.9825,
25.903585,0.0166,0.9493,0.1392,0.1683,0.6225,0.1967,0.1407,-0.0792,-0.9825,
25.905064,-0.1426,0.9422,0.0974,0.1683,0.6225,0.1967,0.1407,-0.0792,-0.9825,
25.905617,-0.0818,0.9557,-0.0149,0.1683,0.6225,0.1967,0.1407,-0.0792,-0.9825,
25.906038,-0.0818,0.9557,-0.0149,-0.0156,-0.3410,1.4311,0.1407,-0.0792,-0.9825,
25.906667,-0.0818,0.9557,-0.0149,-0.0156,-0.3410,1.4311,0.3675,-0.2761,-1.0782,
25.962193,-0.0295,0.9735,-0.1004,-0.0156,-0.3410,1.4311,0.3675,-0.2761,-1.0782,
25.963382,-0.0859,1.0135,-0.0879,-0.0156,-0.3410,1.4311,0.3675,-0.2761,-1.0782,
25.964138,-0.1402,1.0277,-0.0388,-0.0156,-0.3410,1.4311,0.3675,-0.2761,-1.0782,
25.964573,-0.1402,1.0277,-0.0388,-0.0156,-0.3410,1.4311,0.3634,0.0770,-1.1315,
25.965173,-0.1402,1.0277,-0.0388,0.4502,0.2832,0.1713,0.3634,0.0770,-1.1315,
26.020547,-0.2034,1.0013,-0.0466,0.4502,0.2832,0.1713,0.3634,0.0770,-1.1315,
26.021467,-0.2549,1.0018,-0.0947,0.4502,0.2832,0.1713,0.3634,0.0770,-1.1315,
26.022063,-0.2049,1.0116,-0.1306,0.4502,0.2832,0.1713,0.3634,0.0770,-1.1315,
26.022604,-0.2049,1.0116,-0.1306,0.4502,0.2832,0.1713,0.4084,0.1248,-1.1380,
26.023079,-0.2049,1.0116,-0.1306,-0.2535,0.4070,0.2583,0.4084,0.1248,-1.1380,
26.078764,-0.1380,1.0160,-0.1416,-0.2535,0.4070,0.2583,0.4084,0.1248,-1.1380,
26.080104,-0.1445,0.9825,-0.1079,-0.2535,0.4070,0.2583,0.4084,0.1248,-1.1380,
26.080667,-0.1653,0.9630,-0.0708,-0.2535,0.4070,0.2583,0.4084,0.1248,-1.1380,
26.081132,-0.1653,0.9630,-0.0708,-0.2535,0.4070,0.2583,0.3975,0.2183,-1.1657,
26.081659,-0.1653,0.9630,-0.0708,1.0522,0.4069,0.3401,0.3975,0.2183,-1.1657,
26.136979,-0.1975,1.0326,-0.0491,1.0522,0.4069,0.3401,0.3975,0.2183,-1.1657,
26.138135,-0.2063,1.1368,-0.0593,1.0522,0.4069,0.3401,0.3975,0.2183,-1.1657,
26.138718,-0.1861,1.2306,-0.0742,1.0522,0.4069,0.3401,0.3975,0.2183,-1.1657,
26.139310,-0.1861,1.2306,-0.0742,1.0522,0.4069,0.3401,0.5748,0.0059,-1.4339,
26.139856,-0.1861,1.2306,-0.0742,1.3289,2.0980,1.0780,0.5748,0.0059,-1.4339,
26.195301,-0.0488,1.2902,-0.0855,1.3289,2.0980,1.0780,0.5748,0.0059,-1.4339,
26.196697,0.0764,1.3371,-0.1348,1.3289,2.0980,1.0780,0.5748,0.0059,-1.4339,
26.197407,0.1448,1.4811,-0.0601,1.3289,2.0980,1.0780,0.5748,0.0059,-1.4339,
26.197980,0.1448,1.4811,-0.0601,1.3289,2.0980,1.0780,1.0295,0.2845,-1.8088,
26.198571,0.1448,1.4811,-0.0601,4.6322,4.8392,1.3247,1.0295,0.2845,-1.8088,
26.253822,0.3621,1.7001,0.0794,4.6322,4.8392,1.3247,1.0295,0.2845,-1.8088,
26.255149,0.6104,1.8268,0.1091,4.6322,4.8392,1.3247,1.0295,0.2845,-1.8088,
26.255758,0.8976,1.7070,0.1167,4.6322,4.8392,1.3247,1.0295,0.2845,-1.8088,
26.256332,0.8976,1.7070,0.1167,4.6322,4.8392,1.3247,1.4600,0.6795,-2.3211,
26.256941,0.8976,1.7070,0.1167,10.9914,9.2087,4.0473,1.4600,0.6795,-2.3211,
26.311871,0.5699,1.2743,0.1130,10.9914,9.2087,4.0473,1.4600,0.6795,-2.3211,
26.313257,-0.4388,1.0958,-0.1101,10.9914,9.2087,4.0473,1.4600,0.6795,-2.3211,
26.313765,-1.1073,1.4276,-0.1966,10.9914,9.2087,4.0473,1.4600,0.6795,-2.3211,
26.314308,-1.1073,1.4276,-0.1966,10.9914,9.2087,4.0473,1.3007,2.5889,-3.4730,
26.314872,-1.1073,1.4276,-0.1966,2.5428,5.7891,3.7241,1.3007,2.5889,-3.4730,
26.370846,-0.9725,1.3463,-0.3626,2.5428,5.7891,3.7241,1.3007,2.5889,-3.4730,
26.372457,-0.6336,0.8331,-0.3907,2.5428,5.7891,3.7241,1.3007,2.5889,-3.4730,
26.373100,-0.5579,0.5359,-0.1922,2.5428,5.7891,3.7241,1.3007,2.5889,-3.4730,
26.373616,-0.5579,0.5359,-0.1922,2.5428,5.7891,3.7241,0.9994,0.9923,-2.0735,
26.374105,-0.5579,0.5359,-0.1922,-0.8513,3.1969,1.9344,0.9994,0.9923,-2.0735,
26.428653,-0.4539,0.3958,-0.4561,-0.8513,3.1969,1.9344,0.9994,0.9923,-2.0735,
26.429966,-0.3577,0.3567,-0.2534,-0.8513,3.1969,1.9344,0.9994,0.9923,-2.0735,
26.430535,-0.2803,0.2134,-0.1243,-0.8513,3.1969,1.9344,0.9994,0.9923,-2.0735,
26.431078,-0.2803,0.2134,-0.1243,-0.8513,3.1969,1.9344,-1.2136,-0.4262,0.6852,
26.431922,-0.2803,0.2134,-0.1243,2.4843,-3.0497,1.6972,-1.2136,-0.4262,0.6852,
26.487071,-0.1834,0.1775,-0.1883,2.4843,-3.0497,1.6972,-1.2136,-0.4262,0.6852,
26.488735,-0.1441,0.2356,-0.2644,2.4843,-3.0497,1.6972,-1.2136,-0.4262,0.6852,
26.489728,-0.1240,0.3890,-0.3521,2.4843,-3.0497,1.6972,-1.2136,-0.4262,0.6852,
26.490443,-0.1240,0.3890,-0.3521,2.4843,-3.0497,1.6972,-2.1975,-1.0325,3.1432,
26.491169,-0.1240,0.3890,-0.3521,3.4635,-5.0085,0.5550,-2.1975,-1.0325,3.1432,
26.545547,-0.0833,0.5176,-0.3885,3.4635,-5.0085,0.5550,-2.1975,-1.0325,3.1432,
26.547069,-0.1028,0.6387,-0.3145,3.4635,-5.0085,0.5550,-2.1975,-1.0325,3.1432,
26.547910,-0.1421,0.7215,-0.2224,3.4635,-5.0085,0.5550,-2.1975,-1.0325,3.1432,
26.548667,-0.1421,0.7215,-0.2224,3.4635,-5.0085,0.5550,-2.7841,-0.8986,5.1032,
26.549528,-0.1421,0.7215,-0.2224,1.4482,-2.9619,-1.3919,-2.7841,-0.8986,5.1032,
26.605541,-0.1189,0.9029,-0.2356,1.4482,-2.9619,-1.3919,-2.7841,-0.8986,5.1032,
26.607090,-0.0752,1.3068,-0.3951,1.4482,-2.9619,-1.3919,-2.7841,-0.8986,5.1032,
26.607917,-0.1199,1.8554,-0.6231,1.4482,-2.9619,-1.3919,-2.7841,-0.8986,5.1032,
26.608684,-0.1199,1.8554,-0.6231,1.4482,-2.9619,-1.3919,-2.4400,0.0363,6.3956,
26.609599,-0.1199,1.8554,-0.6231,-1.9895,3.6942,-3.7571,-2.4400,0.0363,6.3956,
26.661722,-0.7132,2.1264,-0.6900,-1.9895,3.6942,-3.7571,-2.4400,0.0363,6.3956,
26.663292,-1.2831,1.7028,-0.4859,-1.9895,3.6942,-3.7571,-2.4400,0.0363,6.3956,
26.663985,-1.5707,1.1188,-0.4056,-1.9895,3.6942,-3.7571,-2.4400,0.0363,6.3956,
26.665823,-1.5707,1.1188,-0.4056,-1.9895,3.6942,-3.7571,-2.2217,1.3598,4.8444,
26.666919,-1.5707,1.1188,-0.4056,-14.9577,7.1483,-6.1329,-2.2217,1.3598,4.8444,
26.721388,-1.3712,0.7503,-0.6807,-14.9577,7.1483,-6.1329,-2.2217,1.3598,4.8444,
26.722963,-1.4289,0.6317,-0.7469,-14.9577,7.1483,-6.1329,-2.2217,1.3598,4.8444,
26.723645,-1.1698,1.1896,-0.6610,-14.9577,7.1483,-6.1329,-2.2217,1.3598,4.8444,
26.724360,-1.1698,1.1896,-0.6610,-14.9577,7.1483,-6.1329,-0.1354,-0.2490,-0.1600,
26.725127,-1.1698,1.1896,-0.6610,-15.9357,-0.6266,-7.6797,-0.1354,-0.2490,-0.1600,
26.778735,0.5030,1.8386,0.7667,-15.9357,-0.6266,-7.6797,-0.1354,-0.2490,-0.1600,
26.780436,2.6563,1.7660,1.2018,-15.9357,-0.6266,-7.6797,-0.1354,-0.2490,-0.1600,
26.781227,0.3667,1.2931,-0.5975,-15.9357,-0.6266,-7.6797,-0.1354,-0.2490,-0.1600,
26.781965,0.3667,1.2931,-0.5975,-15.9357,-0.6266,-7.6797,-0.1405,-1.9558,-1.4050,
26.782721,0.3667,1.2931,-0.5975,9.0611,6.6495,3.7839,-0.1405,-1.9558,-1.4050,
26.837220,-0.9571,1.1993,-1.5683,9.0611,6.6495,3.7839,-0.1405,-1.9558,-1.4050,
26.838982,-0.3482,0.7039,0.4788,9.0611,6.6495,3.7839,-0.1405,-1.9558,-1.4050,
26.839791,-0.2144,0.8324,0.1028,9.0611,6.6495,3.7839,-0.1405,-1.9558,-1.4050,
26.840573,-0.2144,0.8324,0.1028,9.0611,6.6495,3.7839,0.5379,0.5873,-2.8873,
26.841211,-0.2144,0.8324,0.1028,-5.7048,-0.6979,-3.5967,0.5379,0.5873,-2.8873,
26.895101,-0.3345,1.1508,0.2007,-5.7048,-0.6979,-3.5967,0.5379,0.5873,-2.8873,
26.896354,-0.2210,1.1012,-0.0505,-5.7048,-0.6979,-3.5967,0.5379,0.5873,-2.8873,
26.896825,-0.0132,1.0567,-0.0256,-5.7048,-0.6979,-3.5967,0.5379,0.5873,-2.8873,
26.897338,-0.0132,1.0567,-0.0256,-5.7048,-0.6979,-3.5967,0.2337,-0.3463,-1.3940,
26.897836,-0.0132,1.0567,-0.0256,-1.7877,1.1225,0.1643,0.2337,-0.3463,-1.3940,
26.953570,0.1802,1.0143,0.0405,-1.7877,1.1225,0.1643,0.2337,-0.3463,-1.3940,
26.954734,-0.0261,1.0253,0.0059,-1.7877,1.1225,0.1643,0.2337,-0.3463,-1.3940,
26.955364,-0.3672,1.0016,0.0576,-1.7877,1.1225,0.1643,0.2337,-0.3463,-1.3940,
26.955877,-0.3672,1.0016,0.0576,-1.7877,1.1225,0.1643,0.2912,0.1422,-1.1804,
26.956467,-0.3672,1.0016,0.0576,0.0401,0.2688,0.2622,0.2912,0.1422,-1.1804,
27.013559,-0.2600,1.0441,0.0501,0.0401,0.2688,0.2622,0.2912,0.1422,-1.1804,
27.014682,0.0469,1.0318,-0.0010,0.0401,0.2688,0.2622,0.2912,0.1422,-1.1804,
27.015253,0.0962,0.9481,0.0291,0.0401,0.2688,0.2622,0.2912,0.1422,-1.1804,
27.015811,0.0962,0.9481,0.0291,0.0401,0.2688,0.2622,0.3337,-0.2303,-0.8922,
27.016347,0.0962,0.9481,0.0291,0.8425,0.2602,0.3451,0.3337,-0.2303,-0.8922,
27.070499,-0.0188,0.9525,0.1704,0.8425,0.2602,0.3451,0.3337,-0.2303,-0.8922,
27.071977,-0.0899,1.0919,-0.0601,0.8425,0.2602,0.3451,0.3337,-0.2303,-0.8922,
27.072396,-0.2068,0.9432,-0.0039,0.8425,0.2602,0.3451,0.3337,-0.2303,-0.8922,
27.072892,-0.2068,0.9432,-0.0039,0.8425,0.2602,0.3451,0.4966,0.3991,-1.2364,
27.073479,-0.2068,0.9432,-0.0039,0.8625,0.2571,0.7403,0.4966,0.3991,-1.2364,
27.128486,-0.2830,0.9176,0.0388,0.8625,0.2571,0.7403,0.4966,0.3991,-1.2364,
27.129872,-0.2381,0.9427,-0.0293,0.8625,0.2571,0.7403,0.4966,0.3991,-1.2364,
27.130450,-0.1758,0.8717,-0.0552,0.8625,0.2571,0.7403,0.4966,0.3991,-1.2364,
27.130922,-0.1758,0.8717,-0.0552,0.8625,0.2571,0.7403,0.5707,0.4850,-1.2602,
27.131492,-0.1758,0.8717,-0.0552,0.2874,-0.3880,0.6098,0.5707,0.4850,-1.2602,
27.186934,-0.1765,0.9254,-0.0991,0.2874,-0.3880,0.6098,0.5707,0.4850,-1.2602,
27.188158,-0.2373,0.9908,-0.1323,0.2874,-0.3880,0.6098,0.5707,0.4850,-1.2602,
27.188672,-0.3514,1.0196,-0.0867,0.2874,-0.3880,0.6098,0.5707,0.4850,-1.2602,
27.189368,-0.3514,1.0196,-0.0867,0.2874,-0.3880,0.6098,0.5481,0.7294,-1.4319,
27.189954,-0.3514,1.0196,-0.0867,0.7764,0.5444,0.1364,0.5481,0.7294,-1.4319,
27.245155,-0.3924,1.0553,-0.0942,0.7764,0.5444,0.1364,0.5481,0.7294,-1.4319,
27.246759,-0.1878,1.0953,-0.0735,0.7764,0.5444,0.1364,0.5481,0.7294,-1.4319,
27.247415,-0.0012,1.1830,-0.0369,0.7764,0.5444,0.1364,0.5481,0.7294,-1.4319,
27.247978,-0.0012,1.1830,-0.0369,0.7764,0.5444,0.1364,0.6630,0.3232,-1.5096,
27.248632,-0.0012,1.1830,-0.0369,2.0971,2.1823,0.9021,0.6630,0.3232,-1.5096,
27.303633,0.1150,1.3607,-0.0005,2.0971,2.1823,0.9021,0.6630,0.3232,-1.5096,
27.304926,0.3352,1.6300,0.0845,2.0971,2.1823,0.9021,0.6630,0.3232,-1.5096,
27.305514,0.6339,1.9372,0.0261,2.0971,2.1823,0.9021,0.6630,0.3232,-1.5096,
27.306044,0.6339,1.9372,0.0261,2.0971,2.1823,0.9021,1.0721,0.3730,-2.3388,
27.306573,0.6339,1.9372,0.0261,8.4923,7.9943,2.5086,1.0721,0.3730,-2.3388,
27.361807,0.8880,2.0993,-0.1150,8.4923,7.9943,2.5086,1.0721,0.3730,-2.3388,
27.363136,1.0038,1.9548,-0.1799,8.4923,7.9943,2.5086,1.0721,0.3730,-2.3388,
27.363705,0.1543,1.3444,-0.0899,8.4923,7.9943,2.5086,1.0721,0.3730,-2.3388,
27.364266,0.1543,1.3444,-0.0899,8.4923,7.9943,2.5086,1.2256,1.7280,-3.5253,
27.364840,0.1543,1.3444,-0.0899,12.6778,10.6965,1.9644,1.2256,1.7280,-3.5253,
27.421771,-1.3163,1.1483,-0.2266,12.6778,10.6965,1.9644,1.2256,1.7280,-3.5253,
27.423425,-2.0163,1.3876,-0.4769,12.6778,10.6965,1.9644,1.2256,1.7280,-3.5253,
27.423999,-1.3266,1.0021,-0.4241,12.6778,10.6965,1.9644,1.2256,1.7280,-3.5253,
27.424613,-1.3266,1.0021,-0.4241,12.6778,10.6965,1.9644,1.7970,1.2812,-4.0502,
27.425182,-1.3266,1.0021,-0.4241,-7.9546,6.4682,0.6425,1.7970,1.2812,-4.0502,
27.478516,-0.6854,0.4268,-0.4202,-7.9546,6.4682,0.6425,1.7970,1.2812,-4.0502,
27.479876,-0.2517,0.1245,-0.2263,-7.9546,6.4682,0.6425,1.7970,1.2812,-4.0502,
27.480443,-0.0437,-0.0894,0.1748,-7.9546,6.4682,0.6425,1.7970,1.2812,-4.0502,
27.480880,-0.0437,-0.0894,0.1748,-7.9546,6.4682,0.6425,-0.3885,-0.8735,0.5551,
27.482092,-0.0437,-0.0894,0.1748,4.0317,-3.8443,2.2534,-0.3885,-0.8735,0.5551,
27.538216,0.0588,-0.2332,0.0479,4.0317,-3.8443,2.2534,-0.3885,-0.8735,0.5551,
27.539892,-0.0723,-0.0713,-0.0903,4.0317,-3.8443,2.2534,-0.3885,-0.8735,0.5551,
27.540545,-0.3553,0.1162,-0.0991,4.0317,-3.8443,2.2534,-0.3885,-0.8735,0.5551,
27.541192,-0.3553,0.1162,-0.0991,4.0317,-3.8443,2.2534,-0.5254,-0.4754,3.1458,
27.541866,-0.3553,0.1162,-0.0991,4.9374,-7.1983,2.9073,-0.5254,-0.4754,3.1458,
27.595086,-0.5865,0.2454,-0.3365,4.9374,-7.1983,2.9073,-0.5254,-0.4754,3.1458,
27.596554,-0.5413,0.2559,-0.2332,4.9374,-7.1983,2.9073,-0.5254,-0.4754,3.1458,
27.597298,-0.5477,0.2793,-0.2080,4.9374,-7.1983,2.9073,-0.5254,-0.4754,3.1458,
27.598134,-0.5477,0.2793,-0.2080,4.9374,-7.1983,2.9073,-0.5475,-1.2101,5.4362,
27.599703,-0.5477,0.2793,-0.2080,-1.4698,-5.6544,0.2299,-0.5475,-1.2101,5.4362,
27.653486,-0.7413,0.5020,-0.3096,-1.4698,-5.6544,0.2299,-0.5475,-1.2101,5.4362,
27.654804,-0.9330,0.8079,-0.2503,-1.4698,-5.6544,0.2299,-0.5475,-1.2101,5.4362,
27.655467,-1.2658,1.1757,-0.3409,-1.4698,-5.6544,0.2299,-0.5475,-1.2101,5.4362,
27.656642,-1.2658,1.1757,-0.3409,-8.3596,-1.1071,-0.8553,-0.5475,-1.2101,5.4362,
27.657732,-1.2658,1.1757,-0.3409,-8.3596,-1.1071,-0.8553,0.1010,-5.2854,7.0240,
27.711467,-1.0555,1.3334,-0.3916,-8.3596,-1.1071,-0.8553,0.1010,-5.2854,7.0240,
27.712890,-0.5225,1.4333,-0.2830,-8.3596,-1.1071,-0.8553,0.1010,-5.2854,7.0240,
27.713524,-0.3841,1.6003,0.1260,-8.3596,-1.1071,-0.8553,0.1010,-5.2854,7.0240,
27.716046,-0.3841,1.6003,0.1260,-7.4825,5.1610,1.0456,0.1010,-5.2854,7.0240,
27.717214,-0.3841,1.6003,0.1260,-7.4825,5.1610,1.0456,1.2698,-9.4831,6.9464,
27.770216,-0.4939,1.5172,0.3348,-7.4825,5.1610,1.0456,1.2698,-9.4831,6.9464,
27.771388,-0.3111,1.2633,0.4683,-7.4825,5.1610,1.0456,1.2698,-9.4831,6.9464,
27.771993,-0.1775,0.8480,0.5518,-7.4825,5.1610,1.0456,1.2698,-9.4831,6.9464,
27.772630,-0.1775,0.8480,0.5518,-7.4825,5.1610,1.0456,-0.1369,-7.9417,2.8748,
27.773526,-0.1775,0.8480,0.5518,-4.2547,2.8846,7.6520,-0.1369,-7.9417,2.8748,
27.829750,-0.4070,1.0958,-0.0476,-4.2547,2.8846,7.6520,-0.1369,-7.9417,2.8748,
27.831817,0.0847,1.3747,1.3065,-4.2547,2.8846,7.6520,-0.1369,-7.9417,2.8748,
27.832974,0.8680,1.4774,0.0110,-4.2547,2.8846,7.6520,-0.1369,-7.9417,2.8748,
27.833722,0.8680,1.4774,0.0110,-4.2547,2.8846,7.6520,-1.1161,-0.5730,-0.5327,
27.834633,0.8680,1.4774,0.0110,1.1249,3.6503,6.7134,-1.1161,-0.5730,-0.5327,
27.887078,0.4927,1.6845,-0.5626,1.1249,3.6503,6.7134,-1.1161,-0.5730,-0.5327,
27.889668,-0.2681,1.2072,-0.5689,1.1249,3.6503,6.7134,-1.1161,-0.5730,-0.5327,
27.890524,-0.5252,0.8209,-0.2334,1.1249,3.6503,6.7134,-1.1161,-0.5730,-0.5327,
27.891269,-0.5252,0.8209,-0.2334,1.1249,3.6503,6.7134,-0.7756,0.3494,-1.3278,
27.891972,-0.5252,0.8209,-0.2334,-0.9471,2.7048,-2.2804,-0.7756,0.3494,-1.3278,
27.945660,-0.1883,0.8712,-0.2178,-0.9471,2.7048,-2.2804,-0.7756,0.3494,-1.3278,
27.947241,0.0899,0.9584,-0.2322,-0.9471,2.7048,-2.2804,-0.7756,0.3494,-1.3278,
27.948024,0.0154,0.9972,-0.1087,-0.9471,2.7048,-2.2804,-0.7756,0.3494,-1.3278,
27.948925,0.0154,0.9972,-0.1087,0.1103,-0.2837,-0.1755,-0.7756,0.3494,-1.3278,
27.949791,0.0154,0.9972,-0.1087,0.1103,-0.2837,-0.1755,-0.9265,-1.2258,-0.3901,
28.003661,-0.1306,1.0045,0.0696,0.1103,-0.2837,-0.1755,-0.9265,-1.2258,-0.3901,
28.005234,-0.1375,0.9603,0.0266,0.1103,-0.2837,-0.1755,-0.9265,-1.2258,-0.3901,
28.005788,-0.0718,0.9627,-0.0689,0.1103,-0.2837,-0.1755,-0.9265,-1.2258,-0.3901,
28.006315,-0.0718,0.9627,-0.0689,0.1103,-0.2837,-0.1755,-0.7300,-0.3294,-0.3451,
28.006997,-0.0718,0.9627,-0.0689,-0.4988,-0.0055,1.3014,-0.7300,-0.3294,-0.3451,
28.062095,-0.1126,0.9981,-0.0986,-0.4988,-0.0055,1.3014,-0.7300,-0.3294,-0.3451,
28.063442,-0.1963,1.0362,-0.0772,-0.4988,-0.0055,1.3014,-0.7300,-0.3294,-0.3451,
28.064170,-0.1128,0.9898,-0.0254,-0.4988,-0.0055,1.3014,-0.7300,-0.3294,-0.3451,
28.064848,-0.1128,0.9898,-0.0254,-0.4988,-0.0055,1.3014,-0.5620,-0.4162,-0.2103,
28.065811,-0.1128,0.9898,-0.0254,-0.6130,0.2796,0.2202,-0.5620,-0.4162,-0.2103,
28.120376,-0.0515,0.9911,-0.0554,-0.6130,0.2796,0.2202,-0.5620,-0.4162,-0.2103,
28.121770,0.0166,1.0436,-0.0076,-0.6130,0.2796,0.2202,-0.5620,-0.4162,-0.2103,
28.122557,-0.0298,0.9918,-0.0203,-0.6130,0.2796,0.2202,-0.5620,-0.4162,-0.2103,
28.123223,-0.0298,0.9918,-0.0203,-0.6130,0.2796,0.2202,-0.4506,-0.5671,-0.1144,
28.123914,-0.0298,0.9918,-0.0203,0.6306,0.2682,0.3205,-0.4506,-0.5671,-0.1144,
28.178426,-0.1311,0.9593,-0.0259,0.6306,0.2682,0.3205,-0.4506,-0.5671,-0.1144,
28.179737,-0.2207,0.9972,-0.0232,0.6306,0.2682,0.3205,-0.4506,-0.5671,-0.1144,
28.180570,-0.1167,1.0455,0.0002,0.6306,0.2682,0.3205,-0.4506,-0.5671,-0.1144,
28.181188,-0.1167,1.0455,0.0002,0.6306,0.2682,0.3205,-0.3586,-0.0989,-0.1796,
28.181906,-0.1167,1.0455,0.0002,-0.5749,0.1845,0.2231,-0.3586,-0.0989,-0.1796,
28.237072,-0.0552,1.0372,0.0071,-0.5749,0.1845,0.2231,-0.3586,-0.0989,-0.1796,
28.238690,-0.0720,1.0348,0.0579,-0.5749,0.1845,0.2231,-0.3586,-0.0989,-0.1796,
28.239645,-0.1519,1.0580,0.0513,-0.5749,0.1845,0.2231,-0.3586,-0.0989,-0.1796,
28.240420,-0.1519,1.0580,0.0513,-0.5749,0.1845,0.2231,-0.3828,-0.2455,-0.0943,
28.241171,-0.1519,1.0580,0.0513,0.0990,0.5918,0.5242,-0.3828,-0.2455,-0.0943,
28.295180,-0.1411,1.1278,0.0244,0.0990,0.5918,0.5242,-0.3828,-0.2455,-0.0943,
28.296648,-0.0828,1.2079,0.0110,0.0990,0.5918,0.5242,-0.3828,-0.2455,-0.0943,
28.297190,-0.0982,1.2982,0.0176,0.0990,0.5918,0.5242,-0.3828,-0.2455,-0.0943,
28.297905,-0.0982,1.2982,0.0176,0.0990,0.5918,0.5242,-0.2951,-0.3282,0.0528,
28.298533,-0.0982,1.2982,0.0176,-0.0690,2.1968,0.1305,-0.2951,-0.3282,0.0528,
28.353429,-0.0784,1.4022,0.0273,-0.0690,2.1968,0.1305,-0.2951,-0.3282,0.0528,
28.354830,-0.0281,1.5087,0.1201,-0.0690,2.1968,0.1305,-0.2951,-0.3282,0.0528,
28.355583,-0.0217,1.5414,0.2019,-0.0690,2.1968,0.1305,-0.2951,-0.3282,0.0528,
28.356278,-0.0217,1.5414,0.2019,-0.0690,2.1968,0.1305,-0.6640,0.1399,0.4067,
28.358177,-0.0217,1.5414,0.2019,0.3316,4.7777,0.7184,-0.6640,0.1399,0.4067,
28.413132,-0.0217,1.5414,0.2019,-1.3211,3.0864,1.3302,-0.6640,0.1399,0.4067,
28.414567,-0.0320,1.4420,0.2744,-1.3211,3.0864,1.3302,-0.6640,0.1399,0.4067,
28.415192,-0.2007,1.2159,0.2654,-1.3211,3.0864,1.3302,-0.6640,0.1399,0.4067,
28.415762,-0.2442,1.2819,0.2342,-1.3211,3.0864,1.3302,-0.6640,0.1399,0.4067,
28.417236,-0.2442,1.2819,0.2342,-1.3211,3.0864,1.3302,-1.3254,0.0532,0.9454,
28.470761,0.0452,1.3663,0.2381,-1.3211,3.0864,1.3302,-1.3254,0.0532,0.9454,
28.472238,0.3387,1.5285,0.2881,-1.3211,3.0864,1.3302,-1.3254,0.0532,0.9454,
28.473028,0.5989,1.4091,0.6199,-1.3211,3.0864,1.3302,-1.3254,0.0532,0.9454,
28.473644,0.5989,1.4091,0.6199,-1.3211,3.0864,1.3302,-2.0924,-2.4357,2.1022,
28.475502,0.5989,1.4091,0.6199,1.9674,4.4736,1.4155,-2.0924,-2.4357,2.1022,
28.528733,0.6175,1.2802,0.6529,1.9674,4.4736,1.4155,-2.0924,-2.4357,2.1022,
28.530382,0.6539,1.2159,0.6485,1.9674,4.4736,1.4155,-2.0924,-2.4357,2.1022,
28.531171,0.5972,1.1859,0.6116,1.9674,4.4736,1.4155,-2.0924,-2.4357,2.1022,
28.531935,0.5972,1.1859,0.6116,1.9674,4.4736,1.4155,-1.5991,-2.7735,3.1287,
28.532594,0.5972,1.1859,0.6116,2.6944,3.0577,3.3637,-1.5991,-2.7735,3.1287,
28.586810,0.5335,1.1786,0.5162,2.6944,3.0577,3.3637,-1.5991,-2.7735,3.1287,
28.588371,0.4495,1.1539,0.4441,2.6944,3.0577,3.3637,-1.5991,-2.7735,3.1287,
28.589204,0.2473,1.0348,0.4158,2.6944,3.0577,3.3637,-1.5991,-2.7735,3.1287,
28.589891,0.2473,1.0348,0.4158,2.6944,3.0577,3.3637,-1.1662,0.4624,3.1859,
28.590538,0.2473,1.0348,0.4158,-0.8563,2.9788,0.8781,-1.1662,0.4624,3.1859,
28.645551,0.0017,0.9295,0.4014,-0.8563,2.9788,0.8781,-1.1662,0.4624,3.1859,
28.647127,-0.2327,0.8516,0.3470,-0.8563,2.9788,0.8781,-1.1662,0.4624,3.1859,
28.647879,-0.3960,0.7552,0.2703,-0.8563,2.9788,0.8781,-1.1662,0.4624,3.1859,
28.648558,-0.3960,0.7552,0.2703,-0.8563,2.9788,0.8781,-1.7768,1.4979,1.9548,
28.649331,-0.3960,0.7552,0.2703,-7.2896,1.2714,-1.4959,-1.7768,1.4979,1.9548,
28.703691,-0.3606,0.5572,0.2168,-7.2896,1.2714,-1.4959,-1.7768,1.4979,1.9548,
28.705093,-0.2705,0.3716,0.1729,-7.2896,1.2714,-1.4959,-1.7768,1.4979,1.9548,
28.705825,-0.1851,0.2508,0.1572,-7.2896,1.2714,-1.4959,-1.7768,1.4979,1.9548,
28.706519,-0.1851,0.2508,0.1572,-7.2896,1.2714,-1.4959,-2.3539,0.3704,0.7261,
28.707192,-0.1851,0.2508,0.1572,-7.9453,-2.1614,-3.9779,-2.3539,0.3704,0.7261,
28.762233,-0.1765,0.2185,0.1509,-7.9453,-2.1614,-3.9779,-2.3539,0.3704,0.7261,
28.763413,-0.1502,0.2122,0.1426,-7.9453,-2.1614,-3.9779,-2.3539,0.3704,0.7261,
28.764216,-0.0779,0.2466,0.1602,-7.9453,-2.1614,-3.9779,-2.3539,0.3704,0.7261,
28.764927,-0.0779,0.2466,0.1602,-7.9453,-2.1614,-3.9779,-2.2046,0.5134,-0.5504,
28.765605,-0.0779,0.2466,0.1602,-6.1319,-3.1135,-5.0797,-2.2046,0.5134,-0.5504,
28.820132,0.0137,0.3018,0.1841,-6.1319,-3.1135,-5.0797,-2.2046,0.5134,-0.5504,
28.821674,0.0845,0.3238,0.2222,-6.1319,-3.1135,-5.0797,-2.2046,0.5134,-0.5504,
28.822458,0.1245,0.3553,0.2320,-6.1319,-3.1135,-5.0797,-2.2046,0.5134,-0.5504,
28.823226,0.1245,0.3553,0.2320,-6.1319,-3.1135,-5.0797,-1.5030,0.8951,-1.9385,
28.823948,0.1245,0.3553,0.2320,-3.0772,-1.9735,-5.0768,-1.5030,0.8951,-1.9385,
28.878771,0.1611,0.4402,0.2403,-3.0772,-1.9735,-5.0768,-1.5030,0.8951,-1.9385,
28.880279,0.3013,0.4700,0.2913,-3.0772,-1.9735,-5.0768,-1.5030,0.8951,-1.9385,
28.881029,0.4690,0.4729,0.3650,-3.0772,-1.9735,-5.0768,-1.5030,0.8951,-1.9385,
28.881713,0.4690,0.4729,0.3650,-3.0772,-1.9735,-5.0768,-0.4724,-0.1885,-2.7489,
28.882343,0.4690,0.4729,0.3650,0.0103,-0.9858,-4.2718,-0.4724,-0.1885,-2.7489,
28.937275,0.4690,0.4729,0.3650,4.0536,-0.2723,0.5655,-0.4724,-0.1885,-2.7489,
28.939652,0.5142,0.5401,0.4422,4.0536,-0.2723,0.5655,-0.4724,-0.1885,-2.7489,
28.940755,0.4988,0.6141,0.7220,4.0536,-0.2723,0.5655,-0.4724,-0.1885,-2.7489,
28.941409,1.0961,0.6553,1.0743,4.0536,-0.2723,0.5655,-0.4724,-0.1885,-2.7489,
28.942056,1.0961,0.6553,1.0743,4.0536,-0.2723,0.5655,0.7063,-1.3251,-2.3771,
28.995265,1.5602,0.8966,0.6207,4.0536,-0.2723,0.5655,0.7063,-1.3251,-2.3771,
28.996662,1.0497,1.2194,0.8131,4.0536,-0.2723,0.5655,0.7063,-1.3251,-2.3771,
28.997262,0.6119,1.1918,0.9640,4.0536,-0.2723,0.5655,0.7063,-1.3251,-2.3771,
28.997794,0.6119,1.1918,0.9640,4.0536,-0.2723,0.5655,1.7662,1.0741,-1.4498,
28.998351,0.6119,1.1918,0.9640,8.5002,3.6850,1.6043,1.7662,1.0741,-1.4498,
29.053283,0.5267,1.1363,0.6104,8.5002,3.6850,1.6043,1.7662,1.0741,-1.4498,
29.054589,0.4058,1.0299,0.5347,8.5002,3.6850,1.6043,1.7662,1.0741,-1.4498,
29.055293,0.3899,0.9081,0.5462,8.5002,3.6850,1.6043,1.7662,1.0741,-1.4498,
29.055965,0.3899,0.9081,0.5462,8.5002,3.6850,1.6043,-0.0747,0.9236,-0.0674,
29.056877,0.3899,0.9081,0.5462,2.6153,2.8923,-0.8172,-0.0747,0.9236,-0.0674,
29.111758,0.3255,0.8617,0.6124,2.6153,2.8923,-0.8172,-0.0747,0.9236,-0.0674,
29.113506,0.2049,0.8028,0.6448,2.6153,2.8923,-0.8172,-0.0747,0.9236,-0.0674,
29.114279,0.0149,0.7471,0.6199,2.6153,2.8923,-0.8172,-0.0747,0.9236,-0.0674,
29.114897,0.0149,0.7471,0.6199,2.6153,2.8923,-0.8172,-0.2381,0.9632,0.1574,
29.115590,0.0149,0.7471,0.6199,0.3665,0.8171,-0.3892,-0.2381,0.9632,0.1574,
29.170050,-0.0098,0.6866,0.6063,0.3665,0.8171,-0.3892,-0.2381,0.9632,0.1574,
29.171574,0.1016,0.5955,0.6263,0.3665,0.8171,-0.3892,-0.2381,0.9632,0.1574,
29.172464,0.1275,0.5894,0.6695,0.3665,0.8171,-0.3892,-0.2381,0.9632,0.1574,
29.173308,0.1275,0.5894,0.6695,0.3665,0.8171,-0.3892,-0.2356,0.9287,-0.0989,
29.174605,0.1275,0.5894,0.6695,-0.2952,-0.8486,-0.4628,-0.2356,0.9287,-0.0989,
29.228389,0.0845,0.6251,0.6900,-0.2952,-0.8486,-0.4628,-0.2356,0.9287,-0.0989,
29.230207,-0.0273,0.6776,0.6959,-0.2952,-0.8486,-0.4628,-0.2356,0.9287,-0.0989,
29.230915,-0.0972,0.7200,0.7042,-0.2952,-0.8486,-0.4628,-0.2356,0.9287,-0.0989,
29.231574,-0.0972,0.7200,0.7042,-0.2952,-0.8486,-0.4628,0.1046,1.0139,-0.1977,
29.233049,-0.0972,0.7200,0.7042,-0.6551,-0.3978,0.1456,0.1046,1.0139,-0.1977,
29.286708,-0.0867,0.7423,0.7276,-0.6551,-0.3978,0.1456,0.1046,1.0139,-0.1977,
29.287907,-0.0505,0.7628,0.7462,-0.6551,-0.3978,0.1456,0.1046,1.0139,-0.1977,
29.288505,-0.0293,0.7742,0.7628,-0.6551,-0.3978,0.1456,0.1046,1.0139,-0.1977,
29.289324,-0.0293,0.7742,0.7628,-0.6551,-0.3978,0.1456,0.1560,0.5042,0.0216,
29.290548,-0.0293,0.7742,0.7628,-0.8665,0.3739,0.6646,0.1560,0.5042,0.0216,
29.345562,-0.0510,0.7826,0.7552,-0.8665,0.3739,0.6646,0.1560,0.5042,0.0216,
29.347274,-0.0657,0.7869,0.7240,-0.8665,0.3739,0.6646,0.1560,0.5042,0.0216,
29.348004,-0.0679,0.7681,0.6820,-0.8665,0.3739,0.6646,0.1560,0.5042,0.0216,
29.348630,-0.0679,0.7681,0.6820,-0.8665,0.3739,0.6646,0.0548,0.3048,0.0790,
29.349571,-0.0679,0.7681,0.6820,-0.8262,0.5355,0.4286,0.0548,0.3048,0.0790,
29.403411,-0.0696,0.7586,0.6773,-0.8262,0.5355,0.4286,0.0548,0.3048,0.0790,
29.404746,-0.0747,0.7601,0.6783,-0.8262,0.5355,0.4286,0.0548,0.3048,0.0790,
29.405305,-0.0642,0.7674,0.6790,-0.8262,0.5355,0.4286,0.0548,0.3048,0.0790,
29.405849,-0.0642,0.7674,0.6790,-0.8262,0.5355,0.4286,-0.0442,0.1753,0.0509,
29.407335,-0.0642,0.7674,0.6790,-0.8433,0.3785,-0.0048,-0.0442,0.1753,0.0509,
29.462360,-0.0315,0.7721,0.6746,-0.8433,0.3785,-0.0048,-0.0442,0.1753,0.0509,
29.463883,0.0007,0.7718,0.6773,-0.8433,0.3785,-0.0048,-0.0442,0.1753,0.0509,
29.464769,0.0044,0.7738,0.6795,-0.8433,0.3785,-0.0048,-0.0442,0.1753,0.0509,
29.465321,0.0044,0.7738,0.6795,-0.8433,0.3785,-0.0048,-0.0428,0.0860,0.0179,
29.466035,0.0044,0.7738,0.6795,-0.2186,0.4898,-0.0331,-0.0428,0.0860,0.0179,
29.521282,0.0044,0.7738,0.6795,0.0437,0.3896,0.1654,-0.0428,0.0860,0.0179,
29.522744,0.0166,0.7689,0.6898,0.0437,0.3896,0.1654,-0.0428,0.0860,0.0179,
29.523513,0.0225,0.7616,0.7025,0.0437,0.3896,0.1654,-0.0428,0.0860,0.0179,
29.524236,0.0139,0.7586,0.7008,0.0437,0.3896,0.1654,-0.0428,0.0860,0.0179,
29.524743,0.0139,0.7586,0.7008,0.0437,0.3896,0.1654,0.0016,0.0536,0.0412,
29.580263,0.0139,0.7586,0.7008,-0.1401,0.3298,0.1571,0.0016,0.0536,0.0412,
29.581302,0.0039,0.7640,0.7010,-0.1401,0.3298,0.1571,0.0016,0.0536,0.0412,
29.581839,-0.0002,0.7830,0.6495,-0.1401,0.3298,0.1571,0.0016,0.0536,0.0412,
29.582272,-0.0122,0.7266,0.7396,-0.1401,0.3298,0.1571,0.0016,0.0536,0.0412,
29.582738,-0.0122,0.7266,0.7396,-0.1401,0.3298,0.1571,0.0106,0.0589,0.0196,
29.636967,0.0002,0.7513,0.7071,-0.1401,0.3298,0.1571,0.0106,0.0589,0.0196,
29.637738,0.0317,0.7672,0.7030,-0.1401,0.3298,0.1571,0.0106,0.0589,0.0196,
29.638355,0.0208,0.7388,0.7130,-0.1401,0.3298,0.1571,0.0106,0.0589,0.0196,
29.638970,0.0208,0.7388,0.7130,-0.1401,0.3298,0.1571,-0.0078,-0.0869,-0.0299,
29.639668,0.0208,0.7388,0.7130,0.0380,0.2745,0.2578,-0.0078,-0.0869,-0.0299,
